-50 0.501762
-49 0.485671
-48 0.48329
-47 0.495714
-46 0.504991
-45 0.517142
-44 0.538433
-43 0.538378
-42 0.555811
-41 0.556303
-40 0.558629
-39 0.546041
-38 0.527842
-37 0.488654
-36 0.46676
-35 0.439695
-34 0.401683
-33 0.363179
-32 0.327876
-31 0.297171
-30 0.275332
-29 0.238278
-28 0.231984
-27 0.221858
-26 0.241973
-25 0.23442
-24 0.259515
-23 0.258721
-22 0.288222
-21 0.294243
-20 0.290411
-19 0.293148
-18 0.302288
-17 0.269558
-16 0.2553
-15 0.207354
-14 0.199391
-13 0.168521
-12 0.169315
-11 0.216139
-10 0.591524
-9 2.50816
-8 9.18868
-7 24.9442
-6 49.8761
-5 76.9794
-4 98.4759
-3 113.218
-2 125.008
-1 134.751
0 140
1 135.101
2 123.653
3 108.626
4 93.9728
5 81.2157
6 70.4602
7 61.4959
8 54.2697
9 48.8189
10 44.996
11 42.385
12 40.4634
13 38.7986
14 37.1629
15 35.1209
16 32.6176
17 30.357
18 28.5374
19 26.3667
20 23.6881
21 21.4562
22 20.406
23 19.8998
24 19.1094
25 18.0837
26 17.3557
27 17.0131
28 16.4796
29 15.3647
30 13.8126
31 12.215
32 10.734
33 9.37888
34 8.10579
35 6.95881
36 6.06541
37 5.52933
38 5.33552
39 5.21946
40 5.11719
41 5.10687
42 5.20142
43 5.1176
44 4.91246
45 4.68587
46 4.59695
47 4.37176
48 3.98107
49 3.59833
50 3.38812
51 3.23583
52 3.01772
53 2.807
54 2.72194
55 2.75678
56 2.8536
57 2.88499
58 2.92013
59 2.92733
