3 0 0 0 104 0 0 0
3 0 1 0 104 1 1 0
3 0 2 0 104 2 2 0
3 0 3 0 104 3 3 0
3 0 4 0 104 4 4 0
3 0 5 0 104 5 5 0
3 0 6 255 255 255 255 255
3 0 7 0 104 10 0 1
3 0 8 0 104 11 1 1
3 0 9 0 104 12 2 1
3 0 10 0 104 13 3 1
3 0 11 0 104 14 4 1
3 0 12 0 104 15 5 1
3 0 13 255 255 255 255 255
3 0 14 0 104 20 0 2
3 0 15 0 104 21 1 2
3 0 16 0 104 22 2 2
3 0 17 0 104 23 3 2
3 0 18 0 104 24 4 2
3 0 19 0 104 25 5 2
3 0 20 0 104 26 6 2
3 0 21 0 104 30 0 3
3 0 22 0 104 31 1 3
3 0 23 0 104 32 2 3
3 0 24 0 104 33 3 3
3 0 25 0 104 34 4 3
3 0 26 0 104 35 5 3
3 0 27 0 104 36 6 3
3 0 28 0 104 40 0 4
3 0 29 0 104 41 1 4
3 0 30 0 104 42 2 4
3 0 31 0 104 43 3 4
3 0 32 0 104 44 4 4
3 0 33 0 104 45 5 4
3 0 34 255 255 255 255 255
3 0 35 0 104 50 0 5
3 0 36 0 104 51 1 5
3 0 37 0 104 52 2 5
3 0 38 0 104 53 3 5
3 0 39 0 104 54 4 5
3 0 40 0 104 55 5 5
3 0 41 255 255 255 255 255
3 0 42 255 255 255 255 255
3 0 43 255 255 255 255 255
3 0 44 255 255 255 255 255
3 0 45 255 255 255 255 255
3 0 46 255 255 255 255 255
3 0 47 255 255 255 255 255
3 0 48 255 255 255 255 255
3 0 49 255 255 255 255 255
3 0 50 255 255 255 255 255
3 0 51 255 255 255 255 255
3 0 52 255 255 255 255 255
3 0 53 255 255 255 255 255
3 0 54 255 255 255 255 255
3 0 55 255 255 255 255 255
3 0 56 255 255 255 255 255
3 0 57 255 255 255 255 255
3 0 58 255 255 255 255 255
3 0 59 255 255 255 255 255
3 0 60 255 255 255 255 255
3 0 61 255 255 255 255 255
3 0 62 255 255 255 255 255
3 0 63 255 255 255 255 255
3 1 0 0 103 0 0 0
3 1 1 0 103 1 1 0
3 1 2 0 103 2 2 0
3 1 3 0 103 3 3 0
3 1 4 0 103 4 4 0
3 1 5 0 103 5 5 0
3 1 6 255 255 255 255 255
3 1 7 0 103 10 0 1
3 1 8 0 103 11 1 1
3 1 9 0 103 12 2 1
3 1 10 0 103 13 3 1
3 1 11 0 103 14 4 1
3 1 12 0 103 15 5 1
3 1 13 255 255 255 255 255
3 1 14 0 103 20 0 2
3 1 15 0 103 21 1 2
3 1 16 0 103 22 2 2
3 1 17 0 103 23 3 2
3 1 18 0 103 24 4 2
3 1 19 0 103 25 5 2
3 1 20 0 103 26 6 2
3 1 21 0 103 30 0 3
3 1 22 0 103 31 1 3
3 1 23 0 103 32 2 3
3 1 24 0 103 33 3 3
3 1 25 0 103 34 4 3
3 1 26 0 103 35 5 3
3 1 27 0 103 36 6 3
3 1 28 0 103 40 0 4
3 1 29 0 103 41 1 4
3 1 30 0 103 42 2 4
3 1 31 0 103 43 3 4
3 1 32 0 103 44 4 4
3 1 33 0 103 45 5 4
3 1 34 255 255 255 255 255
3 1 35 0 103 50 0 5
3 1 36 0 103 51 1 5
3 1 37 0 103 52 2 5
3 1 38 0 103 53 3 5
3 1 39 0 103 54 4 5
3 1 40 0 103 55 5 5
3 1 41 255 255 255 255 255
3 1 42 0 102 0 0 0
3 1 43 0 102 1 1 0
3 1 44 0 102 2 2 0
3 1 45 0 102 3 3 0
3 1 46 0 102 4 4 0
3 1 47 0 102 5 5 0
3 1 48 255 255 255 255 255
3 1 49 0 102 10 0 1
3 1 50 0 102 11 1 1
3 1 51 0 102 12 2 1
3 1 52 0 102 13 3 1
3 1 53 0 102 14 4 1
3 1 54 0 102 15 5 1
3 1 55 255 255 255 255 255
3 1 56 0 102 20 0 2
3 1 57 0 102 21 1 2
3 1 58 0 102 22 2 2
3 1 59 0 102 23 3 2
3 1 60 0 102 24 4 2
3 1 61 0 102 25 5 2
3 1 62 0 102 26 6 2
3 1 63 255 255 255 255 255
3 2 0 0 102 30 0 3
3 2 1 0 102 31 1 3
3 2 2 0 102 32 2 3
3 2 3 0 102 33 3 3
3 2 4 0 102 34 4 3
3 2 5 0 102 35 5 3
3 2 6 0 102 36 6 3
3 2 7 0 102 40 0 4
3 2 8 0 102 41 1 4
3 2 9 0 102 42 2 4
3 2 10 0 102 43 3 4
3 2 11 0 102 44 4 4
3 2 12 0 102 45 5 4
3 2 13 255 255 255 255 255
3 2 14 0 102 50 0 5
3 2 15 0 102 51 1 5
3 2 16 0 102 52 2 5
3 2 17 0 102 53 3 5
3 2 18 0 102 54 4 5
3 2 19 0 102 55 5 5
3 2 20 255 255 255 255 255
3 2 21 0 101 0 0 0
3 2 22 0 101 1 1 0
3 2 23 0 101 2 2 0
3 2 24 0 101 3 3 0
3 2 25 0 101 4 4 0
3 2 26 0 101 5 5 0
3 2 27 255 255 255 255 255
3 2 28 0 101 10 0 1
3 2 29 0 101 11 1 1
3 2 30 0 101 12 2 1
3 2 31 0 101 13 3 1
3 2 32 0 101 14 4 1
3 2 33 0 101 15 5 1
3 2 34 255 255 255 255 255
3 2 35 0 101 20 0 2
3 2 36 0 101 21 1 2
3 2 37 0 101 22 2 2
3 2 38 0 101 23 3 2
3 2 39 0 101 24 4 2
3 2 40 0 101 25 5 2
3 2 41 0 101 26 6 2
3 2 42 0 101 30 0 3
3 2 43 0 101 31 1 3
3 2 44 0 101 32 2 3
3 2 45 0 101 33 3 3
3 2 46 0 101 34 4 3
3 2 47 0 101 35 5 3
3 2 48 0 101 36 6 3
3 2 49 0 101 40 0 4
3 2 50 0 101 41 1 4
3 2 51 0 101 42 2 4
3 2 52 0 101 43 3 4
3 2 53 0 101 44 4 4
3 2 54 0 101 45 5 4
3 2 55 255 255 255 255 255
3 2 56 0 101 50 0 5
3 2 57 0 101 51 1 5
3 2 58 0 101 52 2 5
3 2 59 0 101 53 3 5
3 2 60 0 101 54 4 5
3 2 61 0 101 55 5 5
3 2 62 255 255 255 255 255
3 2 63 255 255 255 255 255
3 3 0 1 104 0 0 0
3 3 1 1 104 1 1 0
3 3 2 1 104 2 2 0
3 3 3 1 104 3 3 0
3 3 4 1 104 4 4 0
3 3 5 1 104 5 5 0
3 3 6 1 104 14 4 1
3 3 7 1 104 15 5 1
3 3 8 1 104 25 5 2
3 3 9 1 104 26 6 2
3 3 10 1 104 35 5 3
3 3 11 1 104 36 6 3
3 3 12 1 104 44 4 4
3 3 13 1 104 45 5 4
3 3 14 1 104 54 4 5
3 3 15 1 104 55 5 5
3 3 16 255 255 255 255 255
3 3 17 255 255 255 255 255
3 3 18 255 255 255 255 255
3 3 19 255 255 255 255 255
3 3 20 255 255 255 255 255
3 3 21 255 255 255 255 255
3 3 22 255 255 255 255 255
3 3 23 255 255 255 255 255
3 3 24 255 255 255 255 255
3 3 25 255 255 255 255 255
3 3 26 255 255 255 255 255
3 3 27 255 255 255 255 255
3 3 28 255 255 255 255 255
3 3 29 255 255 255 255 255
3 3 30 255 255 255 255 255
3 3 31 255 255 255 255 255
3 3 32 2 -1 0 0 0
3 3 33 2 -1 1 1 0
3 3 34 2 -1 2 2 0
3 3 35 2 -1 3 3 0
3 3 36 2 -1 4 4 0
3 3 37 2 -1 5 5 0
3 3 38 2 -1 6 6 0
3 3 39 2 -1 7 7 0
3 3 40 2 -1 8 8 0
3 3 41 2 -1 9 9 0
3 3 42 2 -1 10 0 1
3 3 43 2 -1 11 1 1
3 3 44 2 -1 12 2 1
3 3 45 2 -1 13 3 1
3 3 46 2 -1 14 4 1
3 3 47 2 -1 15 5 1
3 3 48 255 255 255 255 255
3 3 49 255 255 255 255 255
3 3 50 255 255 255 255 255
3 3 51 255 255 255 255 255
3 3 52 255 255 255 255 255
3 3 53 255 255 255 255 255
3 3 54 255 255 255 255 255
3 3 55 255 255 255 255 255
3 3 56 255 255 255 255 255
3 3 57 255 255 255 255 255
3 3 58 255 255 255 255 255
3 3 59 255 255 255 255 255
3 3 60 255 255 255 255 255
3 3 61 255 255 255 255 255
3 3 62 255 255 255 255 255
3 3 63 255 255 255 255 255
4 0 0 0 106 0 0 0
4 0 1 0 106 1 1 0
4 0 2 0 106 2 2 0
4 0 3 0 106 3 3 0
4 0 4 0 106 4 4 0
4 0 5 0 106 5 5 0
4 0 6 255 255 255 255 255
4 0 7 0 106 10 0 1
4 0 8 0 106 11 1 1
4 0 9 0 106 12 2 1
4 0 10 0 106 13 3 1
4 0 11 0 106 14 4 1
4 0 12 0 106 15 5 1
4 0 13 255 255 255 255 255
4 0 14 0 106 20 0 2
4 0 15 0 106 21 1 2
4 0 16 0 106 22 2 2
4 0 17 0 106 23 3 2
4 0 18 0 106 24 4 2
4 0 19 0 106 25 5 2
4 0 20 0 106 26 6 2
4 0 21 0 106 30 0 3
4 0 22 0 106 31 1 3
4 0 23 0 106 32 2 3
4 0 24 0 106 33 3 3
4 0 25 0 106 34 4 3
4 0 26 0 106 35 5 3
4 0 27 0 106 36 6 3
4 0 28 0 106 40 0 4
4 0 29 0 106 41 1 4
4 0 30 0 106 42 2 4
4 0 31 0 106 43 3 4
4 0 32 0 106 44 4 4
4 0 33 0 106 45 5 4
4 0 34 255 255 255 255 255
4 0 35 0 106 50 0 5
4 0 36 0 106 51 1 5
4 0 37 0 106 52 2 5
4 0 38 0 106 53 3 5
4 0 39 0 106 54 4 5
4 0 40 0 106 55 5 5
4 0 41 255 255 255 255 255
4 0 42 255 255 255 255 255
4 0 43 255 255 255 255 255
4 0 44 255 255 255 255 255
4 0 45 255 255 255 255 255
4 0 46 255 255 255 255 255
4 0 47 255 255 255 255 255
4 0 48 255 255 255 255 255
4 0 49 255 255 255 255 255
4 0 50 255 255 255 255 255
4 0 51 255 255 255 255 255
4 0 52 255 255 255 255 255
4 0 53 255 255 255 255 255
4 0 54 255 255 255 255 255
4 0 55 255 255 255 255 255
4 0 56 255 255 255 255 255
4 0 57 255 255 255 255 255
4 0 58 255 255 255 255 255
4 0 59 255 255 255 255 255
4 0 60 255 255 255 255 255
4 0 61 255 255 255 255 255
4 0 62 255 255 255 255 255
4 0 63 255 255 255 255 255
4 1 0 0 107 0 0 0
4 1 1 0 107 1 1 0
4 1 2 0 107 2 2 0
4 1 3 0 107 3 3 0
4 1 4 0 107 4 4 0
4 1 5 0 107 5 5 0
4 1 6 255 255 255 255 255
4 1 7 0 107 10 0 1
4 1 8 0 107 11 1 1
4 1 9 0 107 12 2 1
4 1 10 0 107 13 3 1
4 1 11 0 107 14 4 1
4 1 12 0 107 15 5 1
4 1 13 255 255 255 255 255
4 1 14 0 107 20 0 2
4 1 15 0 107 21 1 2
4 1 16 0 107 22 2 2
4 1 17 0 107 23 3 2
4 1 18 0 107 24 4 2
4 1 19 0 107 25 5 2
4 1 20 0 107 26 6 2
4 1 21 0 107 30 0 3
4 1 22 0 107 31 1 3
4 1 23 0 107 32 2 3
4 1 24 0 107 33 3 3
4 1 25 0 107 34 4 3
4 1 26 0 107 35 5 3
4 1 27 0 107 36 6 3
4 1 28 0 107 40 0 4
4 1 29 0 107 41 1 4
4 1 30 0 107 42 2 4
4 1 31 0 107 43 3 4
4 1 32 0 107 44 4 4
4 1 33 0 107 45 5 4
4 1 34 255 255 255 255 255
4 1 35 0 107 50 0 5
4 1 36 0 107 51 1 5
4 1 37 0 107 52 2 5
4 1 38 0 107 53 3 5
4 1 39 0 107 54 4 5
4 1 40 0 107 55 5 5
4 1 41 255 255 255 255 255
4 1 42 0 108 0 0 0
4 1 43 0 108 1 1 0
4 1 44 0 108 2 2 0
4 1 45 0 108 3 3 0
4 1 46 0 108 4 4 0
4 1 47 0 108 5 5 0
4 1 48 255 255 255 255 255
4 1 49 0 108 10 0 1
4 1 50 0 108 11 1 1
4 1 51 0 108 12 2 1
4 1 52 0 108 13 3 1
4 1 53 0 108 14 4 1
4 1 54 0 108 15 5 1
4 1 55 255 255 255 255 255
4 1 56 0 108 20 0 2
4 1 57 0 108 21 1 2
4 1 58 0 108 22 2 2
4 1 59 0 108 23 3 2
4 1 60 0 108 24 4 2
4 1 61 0 108 25 5 2
4 1 62 0 108 26 6 2
4 1 63 255 255 255 255 255
4 2 0 0 108 30 0 3
4 2 1 0 108 31 1 3
4 2 2 0 108 32 2 3
4 2 3 0 108 33 3 3
4 2 4 0 108 34 4 3
4 2 5 0 108 35 5 3
4 2 6 0 108 36 6 3
4 2 7 0 108 40 0 4
4 2 8 0 108 41 1 4
4 2 9 0 108 42 2 4
4 2 10 0 108 43 3 4
4 2 11 0 108 44 4 4
4 2 12 0 108 45 5 4
4 2 13 255 255 255 255 255
4 2 14 0 108 50 0 5
4 2 15 0 108 51 1 5
4 2 16 0 108 52 2 5
4 2 17 0 108 53 3 5
4 2 18 0 108 54 4 5
4 2 19 0 108 55 5 5
4 2 20 255 255 255 255 255
4 2 21 0 109 0 0 0
4 2 22 0 109 1 1 0
4 2 23 0 109 2 2 0
4 2 24 0 109 3 3 0
4 2 25 0 109 4 4 0
4 2 26 0 109 5 5 0
4 2 27 255 255 255 255 255
4 2 28 0 109 10 0 1
4 2 29 0 109 11 1 1
4 2 30 0 109 12 2 1
4 2 31 0 109 13 3 1
4 2 32 0 109 14 4 1
4 2 33 0 109 15 5 1
4 2 34 255 255 255 255 255
4 2 35 0 109 20 0 2
4 2 36 0 109 21 1 2
4 2 37 0 109 22 2 2
4 2 38 0 109 23 3 2
4 2 39 0 109 24 4 2
4 2 40 0 109 25 5 2
4 2 41 0 109 26 6 2
4 2 42 0 109 30 0 3
4 2 43 0 109 31 1 3
4 2 44 0 109 32 2 3
4 2 45 0 109 33 3 3
4 2 46 0 109 34 4 3
4 2 47 0 109 35 5 3
4 2 48 0 109 36 6 3
4 2 49 0 109 40 0 4
4 2 50 0 109 41 1 4
4 2 51 0 109 42 2 4
4 2 52 0 109 43 3 4
4 2 53 0 109 44 4 4
4 2 54 0 109 45 5 4
4 2 55 255 255 255 255 255
4 2 56 0 109 50 0 5
4 2 57 0 109 51 1 5
4 2 58 0 109 52 2 5
4 2 59 0 109 53 3 5
4 2 60 0 109 54 4 5
4 2 61 0 109 55 5 5
4 2 62 255 255 255 255 255
4 2 63 255 255 255 255 255
4 3 0 1 106 0 0 0
4 3 1 1 106 1 1 0
4 3 2 1 106 2 2 0
4 3 3 1 106 3 3 0
4 3 4 1 106 4 4 0
4 3 5 1 106 5 5 0
4 3 6 1 106 6 6 0
4 3 7 1 106 7 7 0
4 3 8 1 106 10 0 1
4 3 9 1 106 11 1 1
4 3 10 1 106 12 2 1
4 3 11 1 106 13 3 1
4 3 12 1 106 20 0 2
4 3 13 1 106 21 1 2
4 3 14 1 106 22 2 2
4 3 15 1 106 23 3 2
4 3 16 1 106 30 0 3
4 3 17 1 106 31 1 3
4 3 18 1 106 32 2 3
4 3 19 1 106 33 3 3
4 3 20 1 106 40 0 4
4 3 21 1 106 41 1 4
4 3 22 1 106 42 2 4
4 3 23 1 106 43 3 4
4 3 24 1 106 50 0 5
4 3 25 1 106 51 1 5
4 3 26 1 106 52 2 5
4 3 27 1 106 53 3 5
4 3 28 255 255 255 255 255
4 3 29 255 255 255 255 255
4 3 30 255 255 255 255 255
4 3 31 255 255 255 255 255
4 3 32 255 255 255 255 255
4 3 33 255 255 255 255 255
4 3 34 255 255 255 255 255
4 3 35 255 255 255 255 255
4 3 36 255 255 255 255 255
4 3 37 255 255 255 255 255
4 3 38 255 255 255 255 255
4 3 39 255 255 255 255 255
4 3 40 255 255 255 255 255
4 3 41 255 255 255 255 255
4 3 42 255 255 255 255 255
4 3 43 255 255 255 255 255
4 3 44 255 255 255 255 255
4 3 45 255 255 255 255 255
4 3 46 255 255 255 255 255
4 3 47 255 255 255 255 255
4 3 48 255 255 255 255 255
4 3 49 255 255 255 255 255
4 3 50 255 255 255 255 255
4 3 51 255 255 255 255 255
4 3 52 255 255 255 255 255
4 3 53 255 255 255 255 255
4 3 54 255 255 255 255 255
4 3 55 255 255 255 255 255
4 3 56 255 255 255 255 255
4 3 57 255 255 255 255 255
4 3 58 255 255 255 255 255
4 3 59 255 255 255 255 255
4 3 60 255 255 255 255 255
4 3 61 255 255 255 255 255
4 3 62 255 255 255 255 255
4 3 63 255 255 255 255 255
