1 0 0 101 0 0 0
1 0 1 101 1 1 0
1 0 2 101 2 2 0
1 0 3 101 3 3 0
1 0 4 101 4 4 0
1 0 5 101 5 5 0
1 0 6 101 10 0 1
1 0 7 101 11 1 1
1 0 8 101 12 2 1
1 0 9 101 13 3 1
1 0 10 101 14 4 1
1 0 11 101 15 5 1
1 0 12 101 20 0 2
1 0 13 101 21 1 2
1 0 14 101 22 2 2
1 0 15 101 23 3 2
1 0 16 101 24 4 2
1 0 17 101 25 5 2
1 0 18 101 30 0 3
1 0 19 101 31 1 3
1 0 20 101 32 2 3
1 0 21 101 33 3 3
1 0 22 101 34 4 3
1 0 23 101 35 5 3
1 0 24 101 40 0 4
1 0 25 101 41 1 4
1 0 26 101 42 2 4
1 0 27 101 43 3 4
1 0 28 101 44 4 4
1 0 29 101 45 5 4
1 0 30 101 50 0 5
1 0 31 101 51 1 5
1 0 32 101 52 2 5
1 0 33 101 53 3 5
1 0 34 101 54 4 5
1 0 35 101 55 5 5
1 0 36 255 255 255 255
1 0 37 255 255 255 255
1 0 38 255 255 255 255
1 0 39 255 255 255 255
1 0 40 255 255 255 255
1 0 41 255 255 255 255
1 0 42 255 255 255 255
1 0 43 255 255 255 255
1 0 44 255 255 255 255
1 0 45 255 255 255 255
1 0 46 255 255 255 255
1 0 47 255 255 255 255
1 0 48 255 255 255 255
1 0 49 255 255 255 255
1 0 50 255 255 255 255
1 0 51 255 255 255 255
1 0 52 255 255 255 255
1 0 53 255 255 255 255
1 0 54 255 255 255 255
1 0 55 255 255 255 255
1 0 56 255 255 255 255
1 0 57 255 255 255 255
1 0 58 255 255 255 255
1 0 59 255 255 255 255
1 0 60 255 255 255 255
1 0 61 255 255 255 255
1 0 62 255 255 255 255
1 0 63 255 255 255 255
1 1 0 102 0 0 0
1 1 1 102 1 1 0
1 1 2 102 2 2 0
1 1 3 102 3 3 0
1 1 4 102 4 4 0
1 1 5 102 5 5 0
1 1 6 102 10 0 1
1 1 7 102 11 1 1
1 1 8 102 12 2 1
1 1 9 102 13 3 1
1 1 10 102 14 4 1
1 1 11 102 15 5 1
1 1 12 102 20 0 2
1 1 13 102 21 1 2
1 1 14 102 22 2 2
1 1 15 102 23 3 2
1 1 16 102 24 4 2
1 1 17 102 25 5 2
1 1 18 102 30 0 3
1 1 19 102 31 1 3
1 1 20 102 32 2 3
1 1 21 102 33 3 3
1 1 22 102 34 4 3
1 1 23 102 35 5 3
1 1 24 102 40 0 4
1 1 25 102 41 1 4
1 1 26 102 42 2 4
1 1 27 102 43 3 4
1 1 28 102 44 4 4
1 1 29 102 45 5 4
1 1 30 102 50 0 5
1 1 31 102 51 1 5
1 1 32 102 52 2 5
1 1 33 102 53 3 5
1 1 34 102 54 4 5
1 1 35 102 55 5 5
1 1 36 255 255 255 255
1 1 37 255 255 255 255
1 1 38 255 255 255 255
1 1 39 255 255 255 255
1 1 40 255 255 255 255
1 1 41 255 255 255 255
1 1 42 255 255 255 255
1 1 43 255 255 255 255
1 1 44 255 255 255 255
1 1 45 255 255 255 255
1 1 46 255 255 255 255
1 1 47 255 255 255 255
1 1 48 255 255 255 255
1 1 49 255 255 255 255
1 1 50 255 255 255 255
1 1 51 255 255 255 255
1 1 52 255 255 255 255
1 1 53 255 255 255 255
1 1 54 255 255 255 255
1 1 55 255 255 255 255
1 1 56 255 255 255 255
1 1 57 255 255 255 255
1 1 58 255 255 255 255
1 1 59 255 255 255 255
1 1 60 255 255 255 255
1 1 61 255 255 255 255
1 1 62 255 255 255 255
1 1 63 255 255 255 255
1 2 0 103 0 0 0
1 2 1 103 1 1 0
1 2 2 103 2 2 0
1 2 3 103 3 3 0
1 2 4 103 4 4 0
1 2 5 103 5 5 0
1 2 6 103 10 0 1
1 2 7 103 11 1 1
1 2 8 103 12 2 1
1 2 9 103 13 3 1
1 2 10 103 14 4 1
1 2 11 103 15 5 1
1 2 12 103 20 0 2
1 2 13 103 21 1 2
1 2 14 103 22 2 2
1 2 15 103 23 3 2
1 2 16 103 24 4 2
1 2 17 103 25 5 2
1 2 18 103 30 0 3
1 2 19 103 31 1 3
1 2 20 103 32 2 3
1 2 21 103 33 3 3
1 2 22 103 34 4 3
1 2 23 103 35 5 3
1 2 24 103 40 0 4
1 2 25 103 41 1 4
1 2 26 103 42 2 4
1 2 27 103 43 3 4
1 2 28 103 44 4 4
1 2 29 103 45 5 4
1 2 30 103 50 0 5
1 2 31 103 51 1 5
1 2 32 103 52 2 5
1 2 33 103 53 3 5
1 2 34 103 54 4 5
1 2 35 103 55 5 5
1 2 36 255 255 255 255
1 2 37 255 255 255 255
1 2 38 255 255 255 255
1 2 39 255 255 255 255
1 2 40 255 255 255 255
1 2 41 255 255 255 255
1 2 42 255 255 255 255
1 2 43 255 255 255 255
1 2 44 255 255 255 255
1 2 45 255 255 255 255
1 2 46 255 255 255 255
1 2 47 255 255 255 255
1 2 48 255 255 255 255
1 2 49 255 255 255 255
1 2 50 255 255 255 255
1 2 51 255 255 255 255
1 2 52 255 255 255 255
1 2 53 255 255 255 255
1 2 54 255 255 255 255
1 2 55 255 255 255 255
1 2 56 255 255 255 255
1 2 57 255 255 255 255
1 2 58 255 255 255 255
1 2 59 255 255 255 255
1 2 60 255 255 255 255
1 2 61 255 255 255 255
1 2 62 255 255 255 255
1 2 63 255 255 255 255
1 3 0 104 0 0 0
1 3 1 104 1 1 0
1 3 2 104 2 2 0
1 3 3 104 3 3 0
1 3 4 104 4 4 0
1 3 5 104 5 5 0
1 3 6 104 10 0 1
1 3 7 104 11 1 1
1 3 8 104 12 2 1
1 3 9 104 13 3 1
1 3 10 104 14 4 1
1 3 11 104 15 5 1
1 3 12 104 20 0 2
1 3 13 104 21 1 2
1 3 14 104 22 2 2
1 3 15 104 23 3 2
1 3 16 104 24 4 2
1 3 17 104 25 5 2
1 3 18 104 30 0 3
1 3 19 104 31 1 3
1 3 20 104 32 2 3
1 3 21 104 33 3 3
1 3 22 104 34 4 3
1 3 23 104 35 5 3
1 3 24 104 40 0 4
1 3 25 104 41 1 4
1 3 26 104 42 2 4
1 3 27 104 43 3 4
1 3 28 104 44 4 4
1 3 29 104 45 5 4
1 3 30 104 50 0 5
1 3 31 104 51 1 5
1 3 32 104 52 2 5
1 3 33 104 53 3 5
1 3 34 104 54 4 5
1 3 35 104 55 5 5
1 3 36 255 255 255 255
1 3 37 255 255 255 255
1 3 38 255 255 255 255
1 3 39 255 255 255 255
1 3 40 255 255 255 255
1 3 41 255 255 255 255
1 3 42 255 255 255 255
1 3 43 255 255 255 255
1 3 44 255 255 255 255
1 3 45 255 255 255 255
1 3 46 255 255 255 255
1 3 47 255 255 255 255
1 3 48 255 255 255 255
1 3 49 255 255 255 255
1 3 50 255 255 255 255
1 3 51 255 255 255 255
1 3 52 255 255 255 255
1 3 53 255 255 255 255
1 3 54 255 255 255 255
1 3 55 255 255 255 255
1 3 56 255 255 255 255
1 3 57 255 255 255 255
1 3 58 255 255 255 255
1 3 59 255 255 255 255
1 3 60 255 255 255 255
1 3 61 255 255 255 255
1 3 62 255 255 255 255
1 3 63 255 255 255 255
2 0 0 106 0 0 0
2 0 1 106 1 1 0
2 0 2 106 2 2 0
2 0 3 106 3 3 0
2 0 4 106 4 4 0
2 0 5 106 5 5 0
2 0 6 106 10 0 1
2 0 7 106 11 1 1
2 0 8 106 12 2 1
2 0 9 106 13 3 1
2 0 10 106 14 4 1
2 0 11 106 15 5 1
2 0 12 106 20 0 2
2 0 13 106 21 1 2
2 0 14 106 22 2 2
2 0 15 106 23 3 2
2 0 16 106 24 4 2
2 0 17 106 25 5 2
2 0 18 106 30 0 3
2 0 19 106 31 1 3
2 0 20 106 32 2 3
2 0 21 106 33 3 3
2 0 22 106 34 4 3
2 0 23 106 35 5 3
2 0 24 106 40 0 4
2 0 25 106 41 1 4
2 0 26 106 42 2 4
2 0 27 106 43 3 4
2 0 28 106 44 4 4
2 0 29 106 45 5 4
2 0 30 106 50 0 5
2 0 31 106 51 1 5
2 0 32 106 52 2 5
2 0 33 106 53 3 5
2 0 34 106 54 4 5
2 0 35 106 55 5 5
2 0 36 255 255 255 255
2 0 37 255 255 255 255
2 0 38 255 255 255 255
2 0 39 255 255 255 255
2 0 40 255 255 255 255
2 0 41 255 255 255 255
2 0 42 255 255 255 255
2 0 43 255 255 255 255
2 0 44 255 255 255 255
2 0 45 255 255 255 255
2 0 46 255 255 255 255
2 0 47 255 255 255 255
2 0 48 255 255 255 255
2 0 49 255 255 255 255
2 0 50 255 255 255 255
2 0 51 255 255 255 255
2 0 52 255 255 255 255
2 0 53 255 255 255 255
2 0 54 255 255 255 255
2 0 55 255 255 255 255
2 0 56 255 255 255 255
2 0 57 255 255 255 255
2 0 58 255 255 255 255
2 0 59 255 255 255 255
2 0 60 255 255 255 255
2 0 61 255 255 255 255
2 0 62 255 255 255 255
2 0 63 255 255 255 255
2 1 0 107 0 0 0
2 1 1 107 1 1 0
2 1 2 107 2 2 0
2 1 3 107 3 3 0
2 1 4 107 4 4 0
2 1 5 107 5 5 0
2 1 6 107 10 0 1
2 1 7 107 11 1 1
2 1 8 107 12 2 1
2 1 9 107 13 3 1
2 1 10 107 14 4 1
2 1 11 107 15 5 1
2 1 12 107 20 0 2
2 1 13 107 21 1 2
2 1 14 107 22 2 2
2 1 15 107 23 3 2
2 1 16 107 24 4 2
2 1 17 107 25 5 2
2 1 18 107 30 0 3
2 1 19 107 31 1 3
2 1 20 107 32 2 3
2 1 21 107 33 3 3
2 1 22 107 34 4 3
2 1 23 107 35 5 3
2 1 24 107 40 0 4
2 1 25 107 41 1 4
2 1 26 107 42 2 4
2 1 27 107 43 3 4
2 1 28 107 44 4 4
2 1 29 107 45 5 4
2 1 30 107 50 0 5
2 1 31 107 51 1 5
2 1 32 107 52 2 5
2 1 33 107 53 3 5
2 1 34 107 54 4 5
2 1 35 107 55 5 5
2 1 36 255 255 255 255
2 1 37 255 255 255 255
2 1 38 255 255 255 255
2 1 39 255 255 255 255
2 1 40 255 255 255 255
2 1 41 255 255 255 255
2 1 42 255 255 255 255
2 1 43 255 255 255 255
2 1 44 255 255 255 255
2 1 45 255 255 255 255
2 1 46 255 255 255 255
2 1 47 255 255 255 255
2 1 48 255 255 255 255
2 1 49 255 255 255 255
2 1 50 255 255 255 255
2 1 51 255 255 255 255
2 1 52 255 255 255 255
2 1 53 255 255 255 255
2 1 54 255 255 255 255
2 1 55 255 255 255 255
2 1 56 255 255 255 255
2 1 57 255 255 255 255
2 1 58 255 255 255 255
2 1 59 255 255 255 255
2 1 60 255 255 255 255
2 1 61 255 255 255 255
2 1 62 255 255 255 255
2 1 63 255 255 255 255
2 2 0 108 0 0 0
2 2 1 108 1 1 0
2 2 2 108 2 2 0
2 2 3 108 3 3 0
2 2 4 108 4 4 0
2 2 5 108 5 5 0
2 2 6 108 10 0 1
2 2 7 108 11 1 1
2 2 8 108 12 2 1
2 2 9 108 13 3 1
2 2 10 108 14 4 1
2 2 11 108 15 5 1
2 2 12 108 20 0 2
2 2 13 108 21 1 2
2 2 14 108 22 2 2
2 2 15 108 23 3 2
2 2 16 108 24 4 2
2 2 17 108 25 5 2
2 2 18 108 30 0 3
2 2 19 108 31 1 3
2 2 20 108 32 2 3
2 2 21 108 33 3 3
2 2 22 108 34 4 3
2 2 23 108 35 5 3
2 2 24 108 40 0 4
2 2 25 108 41 1 4
2 2 26 108 42 2 4
2 2 27 108 43 3 4
2 2 28 108 44 4 4
2 2 29 108 45 5 4
2 2 30 108 50 0 5
2 2 31 108 51 1 5
2 2 32 108 52 2 5
2 2 33 108 53 3 5
2 2 34 108 54 4 5
2 2 35 108 55 5 5
2 2 36 255 255 255 255
2 2 37 255 255 255 255
2 2 38 255 255 255 255
2 2 39 255 255 255 255
2 2 40 255 255 255 255
2 2 41 255 255 255 255
2 2 42 255 255 255 255
2 2 43 255 255 255 255
2 2 44 255 255 255 255
2 2 45 255 255 255 255
2 2 46 255 255 255 255
2 2 47 255 255 255 255
2 2 48 255 255 255 255
2 2 49 255 255 255 255
2 2 50 255 255 255 255
2 2 51 255 255 255 255
2 2 52 255 255 255 255
2 2 53 255 255 255 255
2 2 54 255 255 255 255
2 2 55 255 255 255 255
2 2 56 255 255 255 255
2 2 57 255 255 255 255
2 2 58 255 255 255 255
2 2 59 255 255 255 255
2 2 60 255 255 255 255
2 2 61 255 255 255 255
2 2 62 255 255 255 255
2 2 63 255 255 255 255
2 3 0 109 0 0 0
2 3 1 109 1 1 0
2 3 2 109 2 2 0
2 3 3 109 3 3 0
2 3 4 109 4 4 0
2 3 5 109 5 5 0
2 3 6 109 10 0 1
2 3 7 109 11 1 1
2 3 8 109 12 2 1
2 3 9 109 13 3 1
2 3 10 109 14 4 1
2 3 11 109 15 5 1
2 3 12 109 20 0 2
2 3 13 109 21 1 2
2 3 14 109 22 2 2
2 3 15 109 23 3 2
2 3 16 109 24 4 2
2 3 17 109 25 5 2
2 3 18 109 30 0 3
2 3 19 109 31 1 3
2 3 20 109 32 2 3
2 3 21 109 33 3 3
2 3 22 109 34 4 3
2 3 23 109 35 5 3
2 3 24 109 40 0 4
2 3 25 109 41 1 4
2 3 26 109 42 2 4
2 3 27 109 43 3 4
2 3 28 109 44 4 4
2 3 29 109 45 5 4
2 3 30 109 50 0 5
2 3 31 109 51 1 5
2 3 32 109 52 2 5
2 3 33 109 53 3 5
2 3 34 109 54 4 5
2 3 35 109 55 5 5
2 3 36 255 255 255 255
2 3 37 255 255 255 255
2 3 38 255 255 255 255
2 3 39 255 255 255 255
2 3 40 255 255 255 255
2 3 41 255 255 255 255
2 3 42 255 255 255 255
2 3 43 255 255 255 255
2 3 44 255 255 255 255
2 3 45 255 255 255 255
2 3 46 255 255 255 255
2 3 47 255 255 255 255
2 3 48 255 255 255 255
2 3 49 255 255 255 255
2 3 50 255 255 255 255
2 3 51 255 255 255 255
2 3 52 255 255 255 255
2 3 53 255 255 255 255
2 3 54 255 255 255 255
2 3 55 255 255 255 255
2 3 56 255 255 255 255
2 3 57 255 255 255 255
2 3 58 255 255 255 255
2 3 59 255 255 255 255
2 3 60 255 255 255 255
2 3 61 255 255 255 255
2 3 62 255 255 255 255
2 3 63 255 255 255 255
