# module_ID pad_ID ch_status(0:OK, 1:dead, 2:noisy, 3:hot)
103 0 0
103 1 0
103 2 0
103 3 0
103 4 0
103 5 0
103 6 0
103 7 0
103 8 0
103 9 0
103 10 0
103 11 0
103 12 0
103 13 0
103 14 0
103 15 0
103 16 0
103 17 0
103 18 0
103 19 0
103 20 0
103 21 0
103 22 0
103 23 0
103 24 0
103 25 0
103 26 0
103 27 0
103 28 0
103 29 0
103 30 0
103 31 0
103 32 0
103 33 0
103 34 0
103 35 0
103 36 0
103 37 0
103 38 0
103 39 0
103 40 0
103 41 0
103 42 0
103 43 0
103 44 0
103 45 0
103 46 0
103 47 0
103 48 0
103 49 0
103 50 0
103 51 0
103 52 0
103 53 0
103 54 0
103 55 0
103 56 0
103 57 0
103 58 0
103 59 0
103 60 0
103 61 0
103 62 0
103 63 0
103 64 0
103 65 0
103 66 0
103 67 0
103 68 0
103 69 0
103 70 0
103 71 0
103 72 0
103 73 0
103 74 0
103 75 0
103 76 0
103 77 0
103 78 0
103 79 0
103 80 0
103 81 0
103 82 0
103 83 0
103 84 0
103 85 0
103 86 0
103 87 0
103 88 0
103 89 0
103 90 0
103 91 0
103 92 0
103 93 0
103 94 0
103 95 0
103 96 0
103 97 0
103 98 0
103 99 0
103 100 0
103 101 0
103 102 0
103 103 0
103 104 0
103 105 0
103 106 0
103 107 0
103 108 0
103 109 0
103 110 0
103 111 0
103 112 0
103 113 0
103 114 0
103 115 0
103 116 0
103 117 0
103 118 0
103 119 0
103 120 0
103 121 0
103 122 0
103 123 0
103 124 0
103 125 0
103 126 0
103 127 0
103 128 0
103 129 0
103 130 0
103 131 0
103 132 0
103 133 0
103 134 0
103 135 0
103 136 0
103 137 0
103 138 0
103 139 0
103 140 0
103 141 0
103 142 0
103 143 0
103 144 0
103 145 0
103 146 0
103 147 0
103 148 0
103 149 0
103 150 0
103 151 0
103 152 0
103 153 0
103 154 0
103 155 0
103 156 0
103 157 0
103 158 0
103 159 0
103 160 0
103 161 0
103 162 0
103 163 0
103 164 0
103 165 0
103 166 0
103 167 0
103 168 0
103 169 0
103 170 0
103 171 0
103 172 0
103 173 0
103 174 0
103 175 0
103 176 0
103 177 0
103 178 0
103 179 0
103 180 0
103 181 0
103 182 0
103 183 0
103 184 0
103 185 0
103 186 0
103 187 0
103 188 0
103 189 0
103 190 0
103 191 0
103 192 0
103 193 0
103 194 0
103 195 0
103 196 0
103 197 0
103 198 0
103 199 0
103 200 0
103 201 0
103 202 0
103 203 0
103 204 0
103 205 0
103 206 0
103 207 0
103 208 0
103 209 0
103 210 0
103 211 0
103 212 0
103 213 0
103 214 0
103 215 0
103 216 0
103 217 0
103 218 0
103 219 0
103 220 0
103 221 0
103 222 0
103 223 0
103 224 0
103 225 0
103 226 0
103 227 0
103 228 0
103 229 0
103 230 0
103 231 0
103 232 0
103 233 0
103 234 0
103 235 0
103 236 0
103 237 0
103 238 0
103 239 0
103 240 0
103 241 0
103 242 0
103 243 0
103 244 0
103 245 0
103 246 0
103 247 0
103 248 0
103 249 0
103 250 0
103 251 0
103 252 0
103 253 0
103 254 0
103 255 0
103 256 0
103 257 0
103 258 0
103 259 0
103 260 0
103 261 0
103 262 0
103 263 0
103 264 0
103 265 0
103 266 0
103 267 0
103 268 0
103 269 0
103 270 0
103 271 0
103 272 0
103 273 0
103 274 0
103 275 0
103 276 0
103 277 0
103 278 0
103 279 0
103 280 0
103 281 0
103 282 0
103 283 0
103 284 0
103 285 0
103 286 0
103 287 0
103 288 0
103 289 0
103 290 0
103 291 0
103 292 0
103 293 0
103 294 0
103 295 0
103 296 0
103 297 0
103 298 0
103 299 0
103 300 0
103 301 0
103 302 0
103 303 0
103 304 0
103 305 0
103 306 0
103 307 0
103 308 0
103 309 0
103 310 0
103 311 0
103 312 0
103 313 0
103 314 0
103 315 0
103 316 0
103 317 0
103 318 0
103 319 0
103 320 0
103 321 0
103 322 0
103 323 0
103 324 0
103 325 0
103 326 0
103 327 0
103 328 0
103 329 0
103 330 0
103 331 0
103 332 0
103 333 0
103 334 0
103 335 0
103 336 0
103 337 0
103 338 0
103 339 0
103 340 0
103 341 0
103 342 0
103 343 0
103 344 0
103 345 0
103 346 0
103 347 0
103 348 0
103 349 0
103 350 0
103 351 0
103 352 0
103 353 0
103 354 0
103 355 0
103 356 0
103 357 0
103 358 0
103 359 0
103 360 0
103 361 0
103 362 0
103 363 0
103 364 0
103 365 0
103 366 0
103 367 0
103 368 0
103 369 0
103 370 0
103 371 0
103 372 0
103 373 0
103 374 0
103 375 0
103 376 0
103 377 0
103 378 0
103 379 0
103 380 0
103 381 0
103 382 0
103 383 0
103 384 0
103 385 0
103 386 0
103 387 0
103 388 0
103 389 0
103 390 0
103 391 0
103 392 0
103 393 0
103 394 0
103 395 0
103 396 0
103 397 0
103 398 0
103 399 0
103 400 0
103 401 0
103 402 0
103 403 0
103 404 0
103 405 0
103 406 0
103 407 0
103 408 0
103 409 0
103 410 0
103 411 0
103 412 0
103 413 0
103 414 0
103 415 0
103 416 0
103 417 0
103 418 0
103 419 0
103 420 0
103 421 0
103 422 0
103 423 0
103 424 0
103 425 0
103 426 0
103 427 0
103 428 0
103 429 0
103 430 0
103 431 0
103 432 0
103 433 0
103 434 0
103 435 0
103 436 0
103 437 0
103 438 0
103 439 0
103 440 0
103 441 0
103 442 0
103 443 0
103 444 0
103 445 0
103 446 0
103 447 0
103 448 0
103 449 0
103 450 0
103 451 0
103 452 0
103 453 0
103 454 0
103 455 0
103 456 0
103 457 0
103 458 0
103 459 0
103 460 0
103 461 0
103 462 0
103 463 0
103 464 0
103 465 0
103 466 0
103 467 0
103 468 0
103 469 0
103 470 0
103 471 0
103 472 0
103 473 0
103 474 0
103 475 0
103 476 0
103 477 0
103 478 0
103 479 0
103 480 0
103 481 0
103 482 0
103 483 0
103 484 0
103 485 0
103 486 0
103 487 0
103 488 0
103 489 0
103 490 0
103 491 0
103 492 0
103 493 0
103 494 0
103 495 0
103 496 0
103 497 0
103 498 0
103 499 0
103 500 0
103 501 0
103 502 0
103 503 0
103 504 0
103 505 0
103 506 0
103 507 0
103 508 0
103 509 0
103 510 0
103 511 0
103 512 0
103 513 0
103 514 0
103 515 0
103 516 0
103 517 0
103 518 0
103 519 0
103 520 0
103 521 0
103 522 0
103 523 0
103 524 0
103 525 0
103 526 0
103 527 0
103 528 0
103 529 0
103 530 0
103 531 0
103 532 0
103 533 0
103 534 0
103 535 0
103 536 0
103 537 0
103 538 0
103 539 0
103 540 0
103 541 0
103 542 0
103 543 0
103 544 0
103 545 0
103 546 0
103 547 0
103 548 0
103 549 0
103 550 0
103 551 0
103 552 0
103 553 0
103 554 0
103 555 0
103 556 0
103 557 0
103 558 0
103 559 0
103 560 0
103 561 0
103 562 0
103 563 0
103 564 0
103 565 0
103 566 0
103 567 0
103 568 0
103 569 0
103 570 0
103 571 0
103 572 0
103 573 0
103 574 0
103 575 0
103 576 0
103 577 0
103 578 0
103 579 0
103 580 0
103 581 0
103 582 0
103 583 0
103 584 0
103 585 0
103 586 0
103 587 0
103 588 0
103 589 0
103 590 0
103 591 0
103 592 0
103 593 0
103 594 0
103 595 0
103 596 0
103 597 0
103 598 0
103 599 0
103 600 0
103 601 0
103 602 0
103 603 0
103 604 0
103 605 0
103 606 0
103 607 0
103 608 0
103 609 0
103 610 0
103 611 0
103 612 0
103 613 0
103 614 0
103 615 0
103 616 0
103 617 0
103 618 0
103 619 0
103 620 0
103 621 0
103 622 0
103 623 0
103 624 0
103 625 0
103 626 0
103 627 0
103 628 0
103 629 0
103 630 0
103 631 0
103 632 0
103 633 0
103 634 0
103 635 0
103 636 0
103 637 0
103 638 0
103 639 0
103 640 0
103 641 0
103 642 0
103 643 0
103 644 0
103 645 0
103 646 0
103 647 0
103 648 0
103 649 0
103 650 0
103 651 0
103 652 0
103 653 0
103 654 0
103 655 0
103 656 0
103 657 0
103 658 0
103 659 0
103 660 0
103 661 0
103 662 0
103 663 0
103 664 0
103 665 0
103 666 0
103 667 0
103 668 0
103 669 0
103 670 0
103 671 0
103 672 0
103 673 0
103 674 0
103 675 0
103 676 0
103 677 0
103 678 0
103 679 0
103 680 0
103 681 0
103 682 0
103 683 0
103 684 0
103 685 0
103 686 0
103 687 0
103 688 0
103 689 0
103 690 0
103 691 0
103 692 0
103 693 0
103 694 0
103 695 0
103 696 0
103 697 0
103 698 0
103 699 0
103 700 0
103 701 0
103 702 0
103 703 0
103 704 0
103 705 0
103 706 0
103 707 0
103 708 0
103 709 0
103 710 0
103 711 0
103 712 0
103 713 0
103 714 0
103 715 0
103 716 0
103 717 0
103 718 0
103 719 0
103 720 0
103 721 0
103 722 0
103 723 0
103 724 0
103 725 0
103 726 0
103 727 0
103 728 0
103 729 0
103 730 0
103 731 0
103 732 0
103 733 0
103 734 0
103 735 0
103 736 0
103 737 0
103 738 0
103 739 0
103 740 0
103 741 0
103 742 0
103 743 0
103 744 0
103 745 0
103 746 0
103 747 0
103 748 0
103 749 0
103 750 0
103 751 0
103 752 0
103 753 0
103 754 0
103 755 0
103 756 0
103 757 0
103 758 0
103 759 0
103 760 0
103 761 0
103 762 0
103 763 0
103 764 0
103 765 0
103 766 0
103 767 0
103 768 0
103 769 0
103 770 0
103 771 0
103 772 0
103 773 0
103 774 0
103 775 0
103 776 0
103 777 0
103 778 0
103 779 0
103 780 0
103 781 0
103 782 0
103 783 0
103 784 0
103 785 0
103 786 0
103 787 0
103 788 0
103 789 0
103 790 0
103 791 0
103 792 0
103 793 0
103 794 0
103 795 0
103 796 0
103 797 0
103 798 0
103 799 0
103 800 0
103 801 0
103 802 0
103 803 0
103 804 0
103 805 0
103 806 0
103 807 0
103 808 0
103 809 0
103 810 0
103 811 0
103 812 0
103 813 0
103 814 0
103 815 0
103 816 0
103 817 0
103 818 0
103 819 0
103 820 0
103 821 0
103 822 0
103 823 0
103 824 0
103 825 0
103 826 0
103 827 0
103 828 0
103 829 0
103 830 0
103 831 0
103 832 0
103 833 0
103 834 0
103 835 0
103 836 0
103 837 0
103 838 0
103 839 0
103 840 0
103 841 0
103 842 0
103 843 0
103 844 0
103 845 0
103 846 0
103 847 0
103 848 0
103 849 0
103 850 0
103 851 0
103 852 0
103 853 0
103 854 0
103 855 0
103 856 0
103 857 0
103 858 0
103 859 0
103 860 0
103 861 0
103 862 0
103 863 0
103 864 0
103 865 0
103 866 0
103 867 0
103 868 0
103 869 0
103 870 0
103 871 0
103 872 0
103 873 0
103 874 0
103 875 0
103 876 0
103 877 0
103 878 0
103 879 0
103 880 0
103 881 0
103 882 0
103 883 0
103 884 0
103 885 0
103 886 0
103 887 0
103 888 0
103 889 0
103 890 0
103 891 0
103 892 0
103 893 0
103 894 0
103 895 0
103 896 0
103 897 0
103 898 0
103 899 0
103 900 0
103 901 0
103 902 0
103 903 0
103 904 0
103 905 0
103 906 0
103 907 0
103 908 0
103 909 0
103 910 0
103 911 0
103 912 0
103 913 0
103 914 0
103 915 0
103 916 0
103 917 0
103 918 0
103 919 0
103 920 0
103 921 0
103 922 0
103 923 0
103 924 0
103 925 0
103 926 0
103 927 0
103 928 0
103 929 0
103 930 0
103 931 0
103 932 0
103 933 0
103 934 0
103 935 0
103 936 0
103 937 0
103 938 0
103 939 0
103 940 0
103 941 0
103 942 0
103 943 0
103 944 0
103 945 0
103 946 0
103 947 0
103 948 0
103 949 0
103 950 0
103 951 0
103 952 0
103 953 0
103 954 0
103 955 0
103 956 0
103 957 0
103 958 0
103 959 0
103 960 0
103 961 0
103 962 0
103 963 0
103 964 0
103 965 0
103 966 0
103 967 0
103 968 0
103 969 0
103 970 0
103 971 0
103 972 0
103 973 0
103 974 0
103 975 0
103 976 0
103 977 0
103 978 0
103 979 0
103 980 0
103 981 0
103 982 0
103 983 0
103 984 0
103 985 0
103 986 0
103 987 0
103 988 0
103 989 0
103 990 0
103 991 0
103 992 0
103 993 0
103 994 0
103 995 0
103 996 0
103 997 0
103 998 0
103 999 0
103 1000 0
103 1001 0
103 1002 0
103 1003 0
103 1004 0
103 1005 0
103 1006 0
103 1007 0
103 1008 0
103 1009 0
103 1010 0
103 1011 0
103 1012 0
103 1013 0
103 1014 0
103 1015 0
103 1016 0
103 1017 0
103 1018 0
103 1019 0
103 1020 0
103 1021 0
103 1022 0
103 1023 0
103 1024 0
103 1025 0
103 1026 0
103 1027 0
103 1028 0
103 1029 0
103 1030 0
103 1031 0
103 1032 0
103 1033 0
103 1034 0
103 1035 0
103 1036 0
103 1037 0
103 1038 0
103 1039 0
103 1040 0
103 1041 0
103 1042 0
103 1043 0
103 1044 0
103 1045 0
103 1046 0
103 1047 0
103 1048 0
103 1049 0
103 1050 0
103 1051 0
103 1052 0
103 1053 0
103 1054 0
103 1055 0
103 1056 0
103 1057 0
103 1058 0
103 1059 0
103 1060 0
103 1061 0
103 1062 0
103 1063 0
103 1064 0
103 1065 0
103 1066 0
103 1067 0
103 1068 0
103 1069 0
103 1070 0
103 1071 0
103 1072 0
103 1073 0
103 1074 0
103 1075 0
103 1076 0
103 1077 0
103 1078 0
103 1079 0
103 1080 0
103 1081 0
103 1082 0
103 1083 0
103 1084 0
103 1085 0
103 1086 0
103 1087 0
103 1088 0
103 1089 0
103 1090 0
103 1091 0
103 1092 0
103 1093 0
103 1094 0
103 1095 0
103 1096 0
103 1097 0
103 1098 0
103 1099 0
103 1100 0
103 1101 0
103 1102 0
103 1103 0
103 1104 0
103 1105 0
103 1106 0
103 1107 0
103 1108 0
103 1109 0
103 1110 0
103 1111 0
103 1112 0
103 1113 0
103 1114 0
103 1115 0
103 1116 0
103 1117 0
103 1118 0
103 1119 0
103 1120 0
103 1121 0
103 1122 0
103 1123 0
103 1124 0
103 1125 0
103 1126 0
103 1127 0
103 1128 0
103 1129 0
103 1130 0
103 1131 0
103 1132 0
103 1133 0
103 1134 0
103 1135 0
103 1136 0
103 1137 0
103 1138 0
103 1139 0
103 1140 0
103 1141 0
103 1142 0
103 1143 0
103 1144 0
103 1145 0
103 1146 0
103 1147 0
103 1148 0
103 1149 0
103 1150 0
103 1151 0
103 1152 0
103 1153 0
103 1154 0
103 1155 0
103 1156 0
103 1157 0
103 1158 0
103 1159 0
103 1160 0
103 1161 0
103 1162 0
103 1163 0
103 1164 0
103 1165 0
103 1166 0
103 1167 0
103 1168 0
103 1169 0
103 1170 0
103 1171 0
103 1172 0
103 1173 0
103 1174 0
103 1175 0
103 1176 0
103 1177 0
103 1178 0
103 1179 0
103 1180 0
103 1181 0
103 1182 0
103 1183 0
103 1184 0
103 1185 0
103 1186 0
103 1187 0
103 1188 0
103 1189 0
103 1190 0
103 1191 0
103 1192 0
103 1193 0
103 1194 0
103 1195 0
103 1196 0
103 1197 0
103 1198 0
103 1199 0
103 1200 0
103 1201 0
103 1202 0
103 1203 0
103 1204 0
103 1205 0
103 1206 0
103 1207 0
103 1208 0
103 1209 0
103 1210 0
103 1211 0
103 1212 0
103 1213 0
103 1214 0
103 1215 0
103 1216 0
103 1217 0
103 1218 0
103 1219 0
103 1220 0
103 1221 0
103 1222 0
103 1223 0
103 1224 0
103 1225 0
103 1226 0
103 1227 0
103 1228 0
103 1229 0
103 1230 0
103 1231 0
103 1232 0
103 1233 0
103 1234 0
103 1235 0
103 1236 0
103 1237 0
103 1238 0
103 1239 0
103 1240 0
103 1241 0
103 1242 0
103 1243 0
103 1244 0
103 1245 0
103 1246 0
103 1247 0
103 1248 0
103 1249 0
103 1250 0
103 1251 0
103 1252 0
103 1253 0
103 1254 0
103 1255 0
103 1256 0
103 1257 0
103 1258 0
103 1259 0
103 1260 0
103 1261 0
103 1262 0
103 1263 0
103 1264 0
103 1265 0
103 1266 0
103 1267 0
103 1268 0
103 1269 0
103 1270 0
103 1271 0
103 1272 0
103 1273 0
103 1274 0
103 1275 0
103 1276 0
103 1277 0
103 1278 0
103 1279 0
103 1280 0
103 1281 0
103 1282 0
103 1283 0
103 1284 0
103 1285 0
103 1286 0
103 1287 0
103 1288 0
103 1289 0
103 1290 0
103 1291 0
103 1292 0
103 1293 0
103 1294 0
103 1295 0
103 1296 0
103 1297 0
103 1298 0
103 1299 0
103 1300 0
103 1301 0
103 1302 0
103 1303 0
103 1304 0
103 1305 0
103 1306 0
103 1307 0
103 1308 0
103 1309 0
103 1310 0
103 1311 0
103 1312 0
103 1313 0
103 1314 0
103 1315 0
103 1316 0
103 1317 0
103 1318 0
103 1319 0
103 1320 0
103 1321 0
103 1322 0
103 1323 0
103 1324 0
103 1325 0
103 1326 0
103 1327 0
103 1328 0
103 1329 0
103 1330 0
103 1331 0
103 1332 0
103 1333 0
103 1334 0
103 1335 0
103 1336 0
103 1337 0
103 1338 0
103 1339 0
103 1340 0
103 1341 0
103 1342 0
103 1343 0
103 1344 0
103 1345 0
103 1346 0
103 1347 0
103 1348 0
103 1349 0
103 1350 0
103 1351 0
103 1352 0
103 1353 0
103 1354 0
103 1355 0
103 1356 0
103 1357 0
103 1358 0
103 1359 0
103 1360 0
103 1361 0
103 1362 0
103 1363 0
103 1364 0
103 1365 0
103 1366 0
103 1367 0
103 1368 0
103 1369 0
103 1370 0
103 1371 0
103 1372 0
103 1373 0
103 1374 0
103 1375 0
103 1376 0
103 1377 0
103 1378 0
103 1379 0
103 1380 0
103 1381 0
103 1382 0
103 1383 0
103 1384 0
103 1385 0
103 1386 0
103 1387 0
103 1388 0
103 1389 0
103 1390 0
103 1391 0
103 1392 0
103 1393 0
103 1394 0
103 1395 0
103 1396 0
103 1397 0
103 1398 0
103 1399 0
104 0 0
104 1 0
104 2 0
104 3 0
104 4 0
104 5 0
104 6 0
104 7 0
104 8 0
104 9 0
104 10 0
104 11 0
104 12 0
104 13 0
104 14 0
104 15 0
104 16 0
104 17 0
104 18 0
104 19 0
104 20 0
104 21 0
104 22 0
104 23 0
104 24 0
104 25 0
104 26 0
104 27 0
104 28 0
104 29 0
104 30 0
104 31 0
104 32 0
104 33 0
104 34 0
104 35 0
104 36 0
104 37 0
104 38 0
104 39 0
104 40 0
104 41 0
104 42 0
104 43 0
104 44 0
104 45 0
104 46 0
104 47 0
104 48 0
104 49 0
104 50 0
104 51 0
104 52 0
104 53 0
104 54 0
104 55 0
104 56 0
104 57 0
104 58 0
104 59 0
104 60 0
104 61 0
104 62 0
104 63 0
104 64 0
104 65 0
104 66 0
104 67 0
104 68 0
104 69 0
104 70 0
104 71 0
104 72 0
104 73 0
104 74 0
104 75 0
104 76 0
104 77 0
104 78 0
104 79 0
104 80 0
104 81 0
104 82 0
104 83 0
104 84 0
104 85 0
104 86 0
104 87 0
104 88 0
104 89 0
104 90 0
104 91 0
104 92 0
104 93 0
104 94 0
104 95 0
104 96 0
104 97 0
104 98 0
104 99 0
104 100 0
104 101 0
104 102 0
104 103 0
104 104 0
104 105 0
104 106 0
104 107 0
104 108 0
104 109 0
104 110 0
104 111 0
104 112 0
104 113 0
104 114 0
104 115 0
104 116 0
104 117 0
104 118 0
104 119 0
104 120 0
104 121 0
104 122 0
104 123 0
104 124 0
104 125 0
104 126 0
104 127 0
104 128 0
104 129 0
104 130 0
104 131 0
104 132 0
104 133 0
104 134 0
104 135 0
104 136 0
104 137 0
104 138 0
104 139 0
104 140 0
104 141 0
104 142 0
104 143 0
104 144 0
104 145 0
104 146 0
104 147 0
104 148 0
104 149 0
104 150 0
104 151 0
104 152 0
104 153 0
104 154 0
104 155 0
104 156 0
104 157 0
104 158 0
104 159 0
104 160 0
104 161 0
104 162 0
104 163 0
104 164 0
104 165 0
104 166 0
104 167 0
104 168 0
104 169 0
104 170 0
104 171 0
104 172 0
104 173 0
104 174 0
104 175 0
104 176 0
104 177 0
104 178 0
104 179 0
104 180 0
104 181 0
104 182 0
104 183 0
104 184 0
104 185 0
104 186 0
104 187 0
104 188 0
104 189 0
104 190 0
104 191 0
104 192 0
104 193 0
104 194 0
104 195 0
104 196 0
104 197 0
104 198 0
104 199 0
104 200 0
104 201 0
104 202 0
104 203 0
104 204 0
104 205 0
104 206 0
104 207 0
104 208 0
104 209 0
104 210 0
104 211 0
104 212 0
104 213 0
104 214 0
104 215 0
104 216 0
104 217 0
104 218 0
104 219 0
104 220 0
104 221 0
104 222 0
104 223 0
104 224 0
104 225 0
104 226 0
104 227 0
104 228 0
104 229 0
104 230 0
104 231 0
104 232 0
104 233 0
104 234 0
104 235 0
104 236 0
104 237 0
104 238 0
104 239 0
104 240 0
104 241 0
104 242 0
104 243 0
104 244 0
104 245 0
104 246 0
104 247 0
104 248 0
104 249 0
104 250 0
104 251 0
104 252 0
104 253 0
104 254 0
104 255 0
104 256 0
104 257 0
104 258 0
104 259 0
104 260 0
104 261 0
104 262 0
104 263 0
104 264 0
104 265 0
104 266 0
104 267 0
104 268 0
104 269 0
104 270 0
104 271 0
104 272 0
104 273 0
104 274 0
104 275 0
104 276 0
104 277 0
104 278 0
104 279 0
104 280 0
104 281 0
104 282 0
104 283 0
104 284 0
104 285 0
104 286 0
104 287 0
104 288 0
104 289 0
104 290 0
104 291 0
104 292 0
104 293 0
104 294 0
104 295 0
104 296 0
104 297 0
104 298 0
104 299 0
104 300 0
104 301 0
104 302 0
104 303 0
104 304 0
104 305 0
104 306 0
104 307 0
104 308 0
104 309 0
104 310 0
104 311 0
104 312 0
104 313 0
104 314 0
104 315 0
104 316 0
104 317 0
104 318 0
104 319 0
104 320 0
104 321 0
104 322 0
104 323 0
104 324 0
104 325 0
104 326 0
104 327 0
104 328 0
104 329 0
104 330 0
104 331 0
104 332 0
104 333 0
104 334 0
104 335 0
104 336 0
104 337 0
104 338 0
104 339 0
104 340 0
104 341 0
104 342 0
104 343 0
104 344 0
104 345 0
104 346 0
104 347 0
104 348 0
104 349 0
104 350 0
104 351 0
104 352 0
104 353 0
104 354 0
104 355 0
104 356 0
104 357 0
104 358 0
104 359 0
104 360 0
104 361 0
104 362 0
104 363 0
104 364 0
104 365 0
104 366 0
104 367 0
104 368 0
104 369 0
104 370 0
104 371 0
104 372 0
104 373 0
104 374 0
104 375 0
104 376 0
104 377 0
104 378 0
104 379 0
104 380 0
104 381 0
104 382 0
104 383 0
104 384 0
104 385 0
104 386 0
104 387 0
104 388 0
104 389 0
104 390 0
104 391 0
104 392 0
104 393 0
104 394 0
104 395 0
104 396 0
104 397 0
104 398 0
104 399 0
104 400 0
104 401 0
104 402 0
104 403 0
104 404 0
104 405 0
104 406 0
104 407 0
104 408 0
104 409 0
104 410 0
104 411 0
104 412 0
104 413 0
104 414 0
104 415 0
104 416 0
104 417 0
104 418 0
104 419 0
104 420 0
104 421 0
104 422 0
104 423 0
104 424 0
104 425 0
104 426 0
104 427 0
104 428 0
104 429 0
104 430 0
104 431 0
104 432 0
104 433 0
104 434 0
104 435 0
104 436 0
104 437 0
104 438 0
104 439 0
104 440 0
104 441 0
104 442 0
104 443 0
104 444 0
104 445 0
104 446 0
104 447 0
104 448 0
104 449 0
104 450 0
104 451 0
104 452 0
104 453 0
104 454 0
104 455 0
104 456 0
104 457 0
104 458 0
104 459 0
104 460 0
104 461 0
104 462 0
104 463 0
104 464 0
104 465 0
104 466 0
104 467 0
104 468 0
104 469 0
104 470 0
104 471 0
104 472 0
104 473 0
104 474 0
104 475 0
104 476 0
104 477 0
104 478 0
104 479 0
104 480 0
104 481 0
104 482 0
104 483 0
104 484 0
104 485 0
104 486 0
104 487 0
104 488 0
104 489 0
104 490 0
104 491 0
104 492 0
104 493 0
104 494 0
104 495 0
104 496 0
104 497 0
104 498 0
104 499 0
104 500 0
104 501 0
104 502 0
104 503 0
104 504 0
104 505 0
104 506 0
104 507 0
104 508 0
104 509 0
104 510 0
104 511 0
104 512 0
104 513 0
104 514 0
104 515 0
104 516 0
104 517 0
104 518 0
104 519 0
104 520 0
104 521 0
104 522 0
104 523 0
104 524 0
104 525 0
104 526 0
104 527 0
104 528 0
104 529 0
104 530 0
104 531 0
104 532 0
104 533 0
104 534 0
104 535 0
104 536 0
104 537 0
104 538 0
104 539 0
104 540 0
104 541 0
104 542 0
104 543 0
104 544 0
104 545 0
104 546 0
104 547 0
104 548 0
104 549 0
104 550 0
104 551 0
104 552 0
104 553 0
104 554 0
104 555 0
104 556 0
104 557 0
104 558 0
104 559 0
104 560 0
104 561 0
104 562 0
104 563 0
104 564 0
104 565 0
104 566 0
104 567 0
104 568 0
104 569 0
104 570 0
104 571 0
104 572 0
104 573 0
104 574 0
104 575 0
104 576 0
104 577 0
104 578 0
104 579 0
104 580 0
104 581 0
104 582 0
104 583 0
104 584 0
104 585 0
104 586 0
104 587 0
104 588 0
104 589 0
104 590 0
104 591 0
104 592 0
104 593 0
104 594 0
104 595 0
104 596 0
104 597 0
104 598 0
104 599 0
104 600 0
104 601 0
104 602 0
104 603 0
104 604 0
104 605 0
104 606 0
104 607 0
104 608 0
104 609 0
104 610 0
104 611 0
104 612 0
104 613 0
104 614 0
104 615 0
104 616 0
104 617 0
104 618 0
104 619 0
104 620 0
104 621 0
104 622 0
104 623 0
104 624 0
104 625 0
104 626 0
104 627 0
104 628 0
104 629 0
104 630 0
104 631 0
104 632 0
104 633 0
104 634 0
104 635 0
104 636 0
104 637 0
104 638 0
104 639 0
104 640 0
104 641 0
104 642 0
104 643 0
104 644 0
104 645 0
104 646 0
104 647 0
104 648 0
104 649 0
104 650 0
104 651 0
104 652 0
104 653 0
104 654 0
104 655 0
104 656 0
104 657 0
104 658 0
104 659 0
104 660 0
104 661 0
104 662 0
104 663 0
104 664 0
104 665 0
104 666 0
104 667 0
104 668 0
104 669 0
104 670 0
104 671 0
104 672 0
104 673 0
104 674 0
104 675 0
104 676 0
104 677 0
104 678 0
104 679 0
104 680 0
104 681 0
104 682 0
104 683 0
104 684 0
104 685 0
104 686 0
104 687 0
104 688 0
104 689 0
104 690 0
104 691 0
104 692 0
104 693 0
104 694 0
104 695 0
104 696 0
104 697 0
104 698 0
104 699 0
104 700 0
104 701 0
104 702 0
104 703 0
104 704 0
104 705 0
104 706 0
104 707 0
104 708 0
104 709 0
104 710 0
104 711 0
104 712 0
104 713 0
104 714 0
104 715 0
104 716 0
104 717 0
104 718 0
104 719 0
104 720 0
104 721 0
104 722 0
104 723 0
104 724 0
104 725 0
104 726 0
104 727 0
104 728 0
104 729 0
104 730 0
104 731 0
104 732 0
104 733 0
104 734 0
104 735 0
104 736 0
104 737 0
104 738 0
104 739 0
104 740 0
104 741 0
104 742 0
104 743 0
104 744 0
104 745 0
104 746 0
104 747 0
104 748 0
104 749 0
104 750 0
104 751 0
104 752 0
104 753 0
104 754 0
104 755 0
104 756 0
104 757 0
104 758 0
104 759 0
104 760 0
104 761 0
104 762 0
104 763 0
104 764 0
104 765 0
104 766 0
104 767 0
104 768 0
104 769 0
104 770 0
104 771 0
104 772 0
104 773 0
104 774 0
104 775 0
104 776 0
104 777 0
104 778 0
104 779 0
104 780 0
104 781 0
104 782 0
104 783 0
104 784 0
104 785 0
104 786 0
104 787 0
104 788 0
104 789 0
104 790 0
104 791 0
104 792 0
104 793 0
104 794 0
104 795 0
104 796 0
104 797 0
104 798 0
104 799 0
104 800 0
104 801 0
104 802 0
104 803 0
104 804 0
104 805 0
104 806 0
104 807 0
104 808 0
104 809 0
104 810 0
104 811 0
104 812 0
104 813 0
104 814 0
104 815 0
104 816 0
104 817 0
104 818 0
104 819 0
104 820 0
104 821 0
104 822 0
104 823 0
104 824 0
104 825 0
104 826 0
104 827 0
104 828 0
104 829 0
104 830 0
104 831 0
104 832 0
104 833 0
104 834 0
104 835 0
104 836 0
104 837 0
104 838 0
104 839 0
104 840 0
104 841 0
104 842 0
104 843 0
104 844 0
104 845 0
104 846 0
104 847 0
104 848 0
104 849 0
104 850 0
104 851 0
104 852 0
104 853 0
104 854 0
104 855 0
104 856 0
104 857 0
104 858 0
104 859 0
104 860 0
104 861 0
104 862 0
104 863 0
104 864 0
104 865 0
104 866 0
104 867 0
104 868 0
104 869 0
104 870 0
104 871 0
104 872 0
104 873 0
104 874 0
104 875 0
104 876 0
104 877 0
104 878 0
104 879 0
104 880 0
104 881 0
104 882 0
104 883 0
104 884 0
104 885 0
104 886 0
104 887 0
104 888 0
104 889 0
104 890 0
104 891 0
104 892 0
104 893 0
104 894 0
104 895 0
104 896 0
104 897 0
104 898 0
104 899 0
104 900 0
104 901 0
104 902 0
104 903 0
104 904 0
104 905 0
104 906 0
104 907 0
104 908 0
104 909 0
104 910 0
104 911 0
104 912 0
104 913 0
104 914 0
104 915 0
104 916 0
104 917 0
104 918 0
104 919 0
104 920 0
104 921 0
104 922 0
104 923 0
104 924 0
104 925 0
104 926 0
104 927 0
104 928 0
104 929 0
104 930 0
104 931 0
104 932 0
104 933 0
104 934 0
104 935 0
104 936 0
104 937 0
104 938 0
104 939 0
104 940 0
104 941 0
104 942 0
104 943 0
104 944 0
104 945 0
104 946 0
104 947 0
104 948 0
104 949 0
104 950 0
104 951 0
104 952 0
104 953 0
104 954 0
104 955 0
104 956 0
104 957 0
104 958 0
104 959 0
104 960 0
104 961 0
104 962 0
104 963 0
104 964 0
104 965 0
104 966 0
104 967 0
104 968 0
104 969 0
104 970 0
104 971 0
104 972 0
104 973 0
104 974 0
104 975 0
104 976 0
104 977 0
104 978 0
104 979 0
104 980 0
104 981 0
104 982 0
104 983 0
104 984 0
104 985 0
104 986 0
104 987 0
104 988 0
104 989 0
104 990 0
104 991 0
104 992 0
104 993 0
104 994 0
104 995 0
104 996 0
104 997 0
104 998 0
104 999 0
104 1000 0
104 1001 0
104 1002 0
104 1003 0
104 1004 0
104 1005 0
104 1006 0
104 1007 0
104 1008 0
104 1009 0
104 1010 0
104 1011 0
104 1012 0
104 1013 0
104 1014 0
104 1015 0
104 1016 0
104 1017 0
104 1018 0
104 1019 0
104 1020 0
104 1021 0
104 1022 0
104 1023 0
104 1024 0
104 1025 0
104 1026 0
104 1027 0
104 1028 0
104 1029 0
104 1030 0
104 1031 0
104 1032 0
104 1033 0
104 1034 0
104 1035 0
104 1036 0
104 1037 0
104 1038 0
104 1039 0
104 1040 0
104 1041 0
104 1042 0
104 1043 0
104 1044 0
104 1045 0
104 1046 0
104 1047 0
104 1048 0
104 1049 0
104 1050 0
104 1051 0
104 1052 0
104 1053 0
104 1054 0
104 1055 0
104 1056 0
104 1057 0
104 1058 0
104 1059 0
104 1060 0
104 1061 0
104 1062 0
104 1063 0
104 1064 0
104 1065 0
104 1066 0
104 1067 0
104 1068 0
104 1069 0
104 1070 0
104 1071 0
104 1072 0
104 1073 0
104 1074 0
104 1075 0
104 1076 0
104 1077 0
104 1078 0
104 1079 0
104 1080 0
104 1081 0
104 1082 0
104 1083 0
104 1084 0
104 1085 0
104 1086 0
104 1087 0
104 1088 0
104 1089 0
104 1090 0
104 1091 0
104 1092 0
104 1093 0
104 1094 0
104 1095 0
104 1096 0
104 1097 0
104 1098 0
104 1099 0
104 1100 0
104 1101 0
104 1102 0
104 1103 0
104 1104 0
104 1105 0
104 1106 0
104 1107 0
104 1108 0
104 1109 0
104 1110 0
104 1111 0
104 1112 0
104 1113 0
104 1114 0
104 1115 0
104 1116 0
104 1117 0
104 1118 0
104 1119 0
104 1120 0
104 1121 0
104 1122 0
104 1123 0
104 1124 0
104 1125 0
104 1126 0
104 1127 0
104 1128 0
104 1129 0
104 1130 0
104 1131 0
104 1132 0
104 1133 0
104 1134 0
104 1135 0
104 1136 0
104 1137 0
104 1138 0
104 1139 0
104 1140 0
104 1141 0
104 1142 0
104 1143 0
104 1144 0
104 1145 0
104 1146 0
104 1147 0
104 1148 0
104 1149 0
104 1150 0
104 1151 0
104 1152 0
104 1153 0
104 1154 0
104 1155 0
104 1156 0
104 1157 0
104 1158 0
104 1159 0
104 1160 0
104 1161 0
104 1162 0
104 1163 0
104 1164 0
104 1165 0
104 1166 0
104 1167 0
104 1168 0
104 1169 0
104 1170 0
104 1171 0
104 1172 0
104 1173 0
104 1174 0
104 1175 0
104 1176 0
104 1177 0
104 1178 0
104 1179 0
104 1180 0
104 1181 0
104 1182 0
104 1183 0
104 1184 0
104 1185 0
104 1186 0
104 1187 0
104 1188 0
104 1189 0
104 1190 0
104 1191 0
104 1192 0
104 1193 0
104 1194 0
104 1195 0
104 1196 0
104 1197 0
104 1198 0
104 1199 0
104 1200 0
104 1201 0
104 1202 0
104 1203 0
104 1204 0
104 1205 0
104 1206 0
104 1207 0
104 1208 0
104 1209 0
104 1210 0
104 1211 0
104 1212 0
104 1213 0
104 1214 0
104 1215 0
104 1216 0
104 1217 0
104 1218 0
104 1219 0
104 1220 0
104 1221 0
104 1222 0
104 1223 0
104 1224 0
104 1225 0
104 1226 0
104 1227 0
104 1228 0
104 1229 0
104 1230 0
104 1231 0
104 1232 0
104 1233 0
104 1234 0
104 1235 0
104 1236 0
104 1237 0
104 1238 0
104 1239 0
104 1240 0
104 1241 0
104 1242 0
104 1243 0
104 1244 0
104 1245 0
104 1246 0
104 1247 0
104 1248 0
104 1249 0
104 1250 0
104 1251 0
104 1252 0
104 1253 0
104 1254 0
104 1255 0
104 1256 0
104 1257 0
104 1258 0
104 1259 0
104 1260 0
104 1261 0
104 1262 0
104 1263 0
104 1264 0
104 1265 0
104 1266 0
104 1267 0
104 1268 0
104 1269 0
104 1270 0
104 1271 0
104 1272 0
104 1273 0
104 1274 0
104 1275 0
104 1276 0
104 1277 0
104 1278 0
104 1279 0
104 1280 0
104 1281 0
104 1282 0
104 1283 0
104 1284 0
104 1285 0
104 1286 0
104 1287 0
104 1288 0
104 1289 0
104 1290 0
104 1291 0
104 1292 0
104 1293 0
104 1294 0
104 1295 0
104 1296 0
104 1297 0
104 1298 0
104 1299 0
104 1300 0
104 1301 0
104 1302 0
104 1303 0
104 1304 0
104 1305 0
104 1306 0
104 1307 0
104 1308 0
104 1309 0
104 1310 0
104 1311 0
104 1312 0
104 1313 0
104 1314 0
104 1315 0
104 1316 0
104 1317 0
104 1318 0
104 1319 0
104 1320 0
104 1321 0
104 1322 0
104 1323 0
104 1324 0
104 1325 0
104 1326 0
104 1327 0
104 1328 0
104 1329 0
104 1330 0
104 1331 0
104 1332 0
104 1333 0
104 1334 0
104 1335 0
104 1336 0
104 1337 0
104 1338 0
104 1339 0
104 1340 0
104 1341 0
104 1342 0
104 1343 0
104 1344 0
104 1345 0
104 1346 0
104 1347 0
104 1348 0
104 1349 0
104 1350 0
104 1351 0
104 1352 0
104 1353 0
104 1354 0
104 1355 0
104 1356 0
104 1357 0
104 1358 0
104 1359 0
104 1360 0
104 1361 0
104 1362 0
104 1363 0
104 1364 0
104 1365 0
104 1366 0
104 1367 0
104 1368 0
104 1369 0
104 1370 0
104 1371 0
104 1372 0
104 1373 0
104 1374 0
104 1375 0
104 1376 0
104 1377 0
104 1378 0
104 1379 0
104 1380 0
104 1381 0
104 1382 0
104 1383 0
104 1384 0
104 1385 0
104 1386 0
104 1387 0
104 1388 0
104 1389 0
104 1390 0
104 1391 0
104 1392 0
104 1393 0
104 1394 0
104 1395 0
104 1396 0
104 1397 0
104 1398 0
104 1399 0
106 0 0
106 1 0
106 2 0
106 3 0
106 4 0
106 5 0
106 6 0
106 7 0
106 8 0
106 9 0
106 10 0
106 11 0
106 12 0
106 13 0
106 14 0
106 15 0
106 16 0
106 17 0
106 18 0
106 19 0
106 20 0
106 21 0
106 22 0
106 23 0
106 24 0
106 25 0
106 26 0
106 27 0
106 28 0
106 29 0
106 30 0
106 31 0
106 32 0
106 33 0
106 34 0
106 35 0
106 36 0
106 37 0
106 38 0
106 39 0
106 40 0
106 41 0
106 42 0
106 43 0
106 44 0
106 45 0
106 46 0
106 47 0
106 48 0
106 49 0
106 50 0
106 51 0
106 52 0
106 53 0
106 54 0
106 55 0
106 56 0
106 57 0
106 58 0
106 59 0
106 60 0
106 61 0
106 62 0
106 63 0
106 64 0
106 65 0
106 66 0
106 67 0
106 68 0
106 69 0
106 70 0
106 71 0
106 72 0
106 73 0
106 74 0
106 75 0
106 76 0
106 77 0
106 78 0
106 79 0
106 80 0
106 81 0
106 82 0
106 83 0
106 84 0
106 85 0
106 86 0
106 87 0
106 88 0
106 89 0
106 90 0
106 91 0
106 92 0
106 93 0
106 94 0
106 95 0
106 96 0
106 97 0
106 98 0
106 99 0
106 100 0
106 101 0
106 102 0
106 103 0
106 104 0
106 105 0
106 106 0
106 107 0
106 108 0
106 109 0
106 110 0
106 111 0
106 112 0
106 113 0
106 114 0
106 115 0
106 116 0
106 117 0
106 118 0
106 119 0
106 120 0
106 121 0
106 122 0
106 123 0
106 124 0
106 125 0
106 126 0
106 127 0
106 128 0
106 129 0
106 130 0
106 131 0
106 132 0
106 133 0
106 134 0
106 135 0
106 136 0
106 137 0
106 138 0
106 139 0
106 140 0
106 141 0
106 142 0
106 143 0
106 144 0
106 145 0
106 146 0
106 147 0
106 148 0
106 149 0
106 150 0
106 151 0
106 152 0
106 153 0
106 154 0
106 155 0
106 156 0
106 157 0
106 158 0
106 159 0
106 160 0
106 161 0
106 162 0
106 163 0
106 164 0
106 165 0
106 166 0
106 167 0
106 168 0
106 169 0
106 170 0
106 171 0
106 172 0
106 173 0
106 174 0
106 175 0
106 176 0
106 177 0
106 178 0
106 179 0
106 180 0
106 181 0
106 182 0
106 183 0
106 184 0
106 185 0
106 186 0
106 187 0
106 188 0
106 189 0
106 190 0
106 191 0
106 192 0
106 193 0
106 194 0
106 195 0
106 196 0
106 197 0
106 198 0
106 199 0
106 200 0
106 201 0
106 202 0
106 203 0
106 204 0
106 205 0
106 206 0
106 207 0
106 208 0
106 209 0
106 210 0
106 211 0
106 212 0
106 213 0
106 214 0
106 215 0
106 216 0
106 217 0
106 218 0
106 219 0
106 220 0
106 221 0
106 222 0
106 223 0
106 224 0
106 225 0
106 226 0
106 227 0
106 228 0
106 229 0
106 230 0
106 231 0
106 232 0
106 233 0
106 234 0
106 235 0
106 236 0
106 237 0
106 238 0
106 239 0
106 240 0
106 241 0
106 242 0
106 243 0
106 244 0
106 245 0
106 246 0
106 247 0
106 248 0
106 249 0
106 250 0
106 251 0
106 252 0
106 253 0
106 254 0
106 255 0
106 256 0
106 257 0
106 258 0
106 259 0
106 260 0
106 261 0
106 262 0
106 263 0
106 264 0
106 265 0
106 266 0
106 267 0
106 268 0
106 269 0
106 270 0
106 271 0
106 272 0
106 273 0
106 274 0
106 275 0
106 276 0
106 277 0
106 278 0
106 279 0
106 280 0
106 281 0
106 282 0
106 283 0
106 284 0
106 285 0
106 286 0
106 287 0
106 288 0
106 289 0
106 290 0
106 291 0
106 292 0
106 293 0
106 294 0
106 295 0
106 296 0
106 297 0
106 298 0
106 299 0
106 300 0
106 301 0
106 302 0
106 303 0
106 304 0
106 305 0
106 306 0
106 307 0
106 308 0
106 309 0
106 310 0
106 311 0
106 312 0
106 313 0
106 314 0
106 315 0
106 316 0
106 317 0
106 318 0
106 319 0
106 320 0
106 321 0
106 322 0
106 323 0
106 324 0
106 325 0
106 326 0
106 327 0
106 328 0
106 329 0
106 330 0
106 331 0
106 332 0
106 333 0
106 334 0
106 335 0
106 336 0
106 337 0
106 338 0
106 339 0
106 340 0
106 341 0
106 342 0
106 343 0
106 344 0
106 345 0
106 346 0
106 347 0
106 348 0
106 349 0
106 350 0
106 351 0
106 352 0
106 353 0
106 354 0
106 355 0
106 356 0
106 357 0
106 358 0
106 359 0
106 360 0
106 361 0
106 362 0
106 363 0
106 364 0
106 365 0
106 366 0
106 367 0
106 368 0
106 369 0
106 370 0
106 371 0
106 372 0
106 373 0
106 374 0
106 375 0
106 376 0
106 377 0
106 378 0
106 379 0
106 380 0
106 381 0
106 382 0
106 383 0
106 384 0
106 385 0
106 386 0
106 387 0
106 388 0
106 389 0
106 390 0
106 391 0
106 392 0
106 393 0
106 394 0
106 395 0
106 396 0
106 397 0
106 398 0
106 399 0
106 400 0
106 401 0
106 402 0
106 403 0
106 404 0
106 405 0
106 406 0
106 407 0
106 408 0
106 409 0
106 410 0
106 411 0
106 412 0
106 413 0
106 414 0
106 415 0
106 416 0
106 417 0
106 418 0
106 419 0
106 420 0
106 421 0
106 422 0
106 423 0
106 424 0
106 425 0
106 426 0
106 427 0
106 428 0
106 429 0
106 430 0
106 431 0
106 432 0
106 433 0
106 434 0
106 435 0
106 436 0
106 437 0
106 438 0
106 439 0
106 440 0
106 441 0
106 442 0
106 443 0
106 444 0
106 445 0
106 446 0
106 447 0
106 448 0
106 449 0
106 450 0
106 451 0
106 452 0
106 453 0
106 454 0
106 455 0
106 456 0
106 457 0
106 458 0
106 459 0
106 460 0
106 461 0
106 462 0
106 463 0
106 464 0
106 465 0
106 466 0
106 467 0
106 468 0
106 469 0
106 470 0
106 471 0
106 472 0
106 473 0
106 474 0
106 475 0
106 476 0
106 477 0
106 478 0
106 479 0
106 480 0
106 481 0
106 482 0
106 483 0
106 484 0
106 485 0
106 486 0
106 487 0
106 488 0
106 489 0
106 490 0
106 491 0
106 492 0
106 493 0
106 494 0
106 495 0
106 496 0
106 497 0
106 498 0
106 499 0
106 500 0
106 501 0
106 502 0
106 503 0
106 504 0
106 505 0
106 506 0
106 507 0
106 508 0
106 509 0
106 510 0
106 511 0
106 512 0
106 513 0
106 514 0
106 515 0
106 516 0
106 517 0
106 518 0
106 519 0
106 520 0
106 521 0
106 522 0
106 523 0
106 524 0
106 525 0
106 526 0
106 527 0
106 528 0
106 529 0
106 530 0
106 531 0
106 532 0
106 533 0
106 534 0
106 535 0
106 536 0
106 537 0
106 538 0
106 539 0
106 540 0
106 541 0
106 542 0
106 543 0
106 544 0
106 545 0
106 546 0
106 547 0
106 548 0
106 549 0
106 550 0
106 551 0
106 552 0
106 553 0
106 554 0
106 555 0
106 556 0
106 557 0
106 558 0
106 559 0
106 560 0
106 561 0
106 562 0
106 563 0
106 564 0
106 565 0
106 566 0
106 567 0
106 568 0
106 569 0
106 570 0
106 571 0
106 572 0
106 573 0
106 574 0
106 575 0
106 576 0
106 577 0
106 578 0
106 579 0
106 580 0
106 581 0
106 582 0
106 583 0
106 584 0
106 585 0
106 586 0
106 587 0
106 588 0
106 589 0
106 590 0
106 591 0
106 592 0
106 593 0
106 594 0
106 595 0
106 596 0
106 597 0
106 598 0
106 599 0
106 600 0
106 601 0
106 602 0
106 603 0
106 604 0
106 605 0
106 606 0
106 607 0
106 608 0
106 609 0
106 610 0
106 611 0
106 612 0
106 613 0
106 614 0
106 615 0
106 616 0
106 617 0
106 618 0
106 619 0
106 620 0
106 621 0
106 622 0
106 623 0
106 624 0
106 625 0
106 626 0
106 627 0
106 628 0
106 629 0
106 630 0
106 631 0
106 632 0
106 633 0
106 634 0
106 635 0
106 636 0
106 637 0
106 638 0
106 639 0
106 640 0
106 641 0
106 642 0
106 643 0
106 644 0
106 645 0
106 646 0
106 647 0
106 648 0
106 649 0
106 650 0
106 651 0
106 652 0
106 653 0
106 654 0
106 655 0
106 656 0
106 657 0
106 658 0
106 659 0
106 660 0
106 661 0
106 662 0
106 663 0
106 664 0
106 665 0
106 666 0
106 667 0
106 668 0
106 669 0
106 670 0
106 671 0
106 672 0
106 673 0
106 674 0
106 675 0
106 676 0
106 677 0
106 678 0
106 679 0
106 680 0
106 681 0
106 682 0
106 683 0
106 684 0
106 685 0
106 686 0
106 687 0
106 688 0
106 689 0
106 690 0
106 691 0
106 692 0
106 693 0
106 694 0
106 695 0
106 696 0
106 697 0
106 698 0
106 699 0
106 700 0
106 701 0
106 702 0
106 703 0
106 704 0
106 705 0
106 706 0
106 707 0
106 708 0
106 709 0
106 710 0
106 711 0
106 712 0
106 713 0
106 714 0
106 715 0
106 716 0
106 717 0
106 718 0
106 719 0
106 720 0
106 721 0
106 722 0
106 723 0
106 724 0
106 725 0
106 726 0
106 727 0
106 728 0
106 729 0
106 730 0
106 731 0
106 732 0
106 733 0
106 734 0
106 735 0
106 736 0
106 737 0
106 738 0
106 739 0
106 740 0
106 741 0
106 742 0
106 743 0
106 744 0
106 745 0
106 746 0
106 747 0
106 748 0
106 749 0
106 750 0
106 751 0
106 752 0
106 753 0
106 754 0
106 755 0
106 756 0
106 757 0
106 758 0
106 759 0
106 760 0
106 761 0
106 762 0
106 763 0
106 764 0
106 765 0
106 766 0
106 767 0
106 768 0
106 769 0
106 770 0
106 771 0
106 772 0
106 773 0
106 774 0
106 775 0
106 776 0
106 777 0
106 778 0
106 779 0
106 780 0
106 781 0
106 782 0
106 783 0
106 784 0
106 785 0
106 786 0
106 787 0
106 788 0
106 789 0
106 790 0
106 791 0
106 792 0
106 793 0
106 794 0
106 795 0
106 796 0
106 797 0
106 798 0
106 799 0
106 800 0
106 801 0
106 802 0
106 803 0
106 804 0
106 805 0
106 806 0
106 807 0
106 808 0
106 809 0
106 810 0
106 811 0
106 812 0
106 813 0
106 814 0
106 815 0
106 816 0
106 817 0
106 818 0
106 819 0
106 820 0
106 821 0
106 822 0
106 823 0
106 824 0
106 825 0
106 826 0
106 827 0
106 828 0
106 829 0
106 830 0
106 831 0
106 832 0
106 833 0
106 834 0
106 835 0
106 836 0
106 837 0
106 838 0
106 839 0
106 840 0
106 841 0
106 842 0
106 843 0
106 844 0
106 845 0
106 846 0
106 847 0
106 848 0
106 849 0
106 850 0
106 851 0
106 852 0
106 853 0
106 854 0
106 855 0
106 856 0
106 857 0
106 858 0
106 859 0
106 860 0
106 861 0
106 862 0
106 863 0
106 864 0
106 865 0
106 866 0
106 867 0
106 868 0
106 869 0
106 870 0
106 871 0
106 872 0
106 873 0
106 874 0
106 875 0
106 876 0
106 877 0
106 878 0
106 879 0
106 880 0
106 881 0
106 882 0
106 883 0
106 884 0
106 885 0
106 886 0
106 887 0
106 888 0
106 889 0
106 890 0
106 891 0
106 892 0
106 893 0
106 894 0
106 895 0
106 896 0
106 897 0
106 898 0
106 899 0
106 900 0
106 901 0
106 902 0
106 903 0
106 904 0
106 905 0
106 906 0
106 907 0
106 908 0
106 909 0
106 910 0
106 911 0
106 912 0
106 913 0
106 914 0
106 915 0
106 916 0
106 917 0
106 918 0
106 919 0
106 920 0
106 921 0
106 922 0
106 923 0
106 924 0
106 925 0
106 926 0
106 927 0
106 928 0
106 929 0
106 930 0
106 931 0
106 932 0
106 933 0
106 934 0
106 935 0
106 936 0
106 937 0
106 938 0
106 939 0
106 940 0
106 941 0
106 942 0
106 943 0
106 944 0
106 945 0
106 946 0
106 947 0
106 948 0
106 949 0
106 950 0
106 951 0
106 952 0
106 953 0
106 954 0
106 955 0
106 956 0
106 957 0
106 958 0
106 959 0
106 960 0
106 961 0
106 962 0
106 963 0
106 964 0
106 965 0
106 966 0
106 967 0
106 968 0
106 969 0
106 970 0
106 971 0
106 972 0
106 973 0
106 974 0
106 975 0
106 976 0
106 977 0
106 978 0
106 979 0
106 980 0
106 981 0
106 982 0
106 983 0
106 984 0
106 985 0
106 986 0
106 987 0
106 988 0
106 989 0
106 990 0
106 991 0
106 992 0
106 993 0
106 994 0
106 995 0
106 996 0
106 997 0
106 998 0
106 999 0
106 1000 0
106 1001 0
106 1002 0
106 1003 0
106 1004 0
106 1005 0
106 1006 0
106 1007 0
106 1008 0
106 1009 0
106 1010 0
106 1011 0
106 1012 0
106 1013 0
106 1014 0
106 1015 0
106 1016 0
106 1017 0
106 1018 0
106 1019 0
106 1020 0
106 1021 0
106 1022 0
106 1023 0
106 1024 0
106 1025 0
106 1026 0
106 1027 0
106 1028 0
106 1029 0
106 1030 0
106 1031 0
106 1032 0
106 1033 0
106 1034 0
106 1035 0
106 1036 0
106 1037 0
106 1038 0
106 1039 0
106 1040 0
106 1041 0
106 1042 0
106 1043 0
106 1044 0
106 1045 0
106 1046 0
106 1047 0
106 1048 0
106 1049 0
106 1050 0
106 1051 0
106 1052 0
106 1053 0
106 1054 0
106 1055 0
106 1056 0
106 1057 0
106 1058 0
106 1059 0
106 1060 0
106 1061 0
106 1062 0
106 1063 0
106 1064 0
106 1065 0
106 1066 0
106 1067 0
106 1068 0
106 1069 0
106 1070 0
106 1071 0
106 1072 0
106 1073 0
106 1074 0
106 1075 0
106 1076 0
106 1077 0
106 1078 0
106 1079 0
106 1080 0
106 1081 0
106 1082 0
106 1083 0
106 1084 0
106 1085 0
106 1086 0
106 1087 0
106 1088 0
106 1089 0
106 1090 0
106 1091 0
106 1092 0
106 1093 0
106 1094 0
106 1095 0
106 1096 0
106 1097 0
106 1098 0
106 1099 0
106 1100 0
106 1101 0
106 1102 0
106 1103 0
106 1104 0
106 1105 0
106 1106 0
106 1107 0
106 1108 0
106 1109 0
106 1110 0
106 1111 0
106 1112 0
106 1113 0
106 1114 0
106 1115 0
106 1116 0
106 1117 0
106 1118 0
106 1119 0
106 1120 0
106 1121 0
106 1122 0
106 1123 0
106 1124 0
106 1125 0
106 1126 0
106 1127 0
106 1128 0
106 1129 0
106 1130 0
106 1131 0
106 1132 0
106 1133 0
106 1134 0
106 1135 0
106 1136 0
106 1137 0
106 1138 0
106 1139 0
106 1140 0
106 1141 0
106 1142 0
106 1143 0
106 1144 0
106 1145 0
106 1146 0
106 1147 0
106 1148 0
106 1149 0
106 1150 0
106 1151 0
106 1152 0
106 1153 0
106 1154 0
106 1155 0
106 1156 0
106 1157 0
106 1158 0
106 1159 0
106 1160 0
106 1161 0
106 1162 0
106 1163 0
106 1164 0
106 1165 0
106 1166 0
106 1167 0
106 1168 0
106 1169 0
106 1170 0
106 1171 0
106 1172 0
106 1173 0
106 1174 0
106 1175 0
106 1176 0
106 1177 0
106 1178 0
106 1179 0
106 1180 0
106 1181 0
106 1182 0
106 1183 0
106 1184 0
106 1185 0
106 1186 0
106 1187 0
106 1188 0
106 1189 0
106 1190 0
106 1191 0
106 1192 0
106 1193 0
106 1194 0
106 1195 0
106 1196 0
106 1197 0
106 1198 0
106 1199 0
106 1200 0
106 1201 0
106 1202 0
106 1203 0
106 1204 0
106 1205 0
106 1206 0
106 1207 0
106 1208 0
106 1209 0
106 1210 0
106 1211 0
106 1212 0
106 1213 0
106 1214 0
106 1215 0
106 1216 0
106 1217 0
106 1218 0
106 1219 0
106 1220 0
106 1221 0
106 1222 0
106 1223 0
106 1224 0
106 1225 0
106 1226 0
106 1227 0
106 1228 0
106 1229 0
106 1230 0
106 1231 0
106 1232 0
106 1233 0
106 1234 0
106 1235 0
106 1236 0
106 1237 0
106 1238 0
106 1239 0
106 1240 0
106 1241 0
106 1242 0
106 1243 0
106 1244 0
106 1245 0
106 1246 0
106 1247 0
106 1248 0
106 1249 0
106 1250 0
106 1251 0
106 1252 0
106 1253 0
106 1254 0
106 1255 0
106 1256 0
106 1257 0
106 1258 0
106 1259 0
106 1260 0
106 1261 0
106 1262 0
106 1263 0
106 1264 0
106 1265 0
106 1266 0
106 1267 0
106 1268 0
106 1269 0
106 1270 0
106 1271 0
106 1272 0
106 1273 0
106 1274 0
106 1275 0
106 1276 0
106 1277 0
106 1278 0
106 1279 0
106 1280 0
106 1281 0
106 1282 0
106 1283 0
106 1284 0
106 1285 0
106 1286 0
106 1287 0
106 1288 0
106 1289 0
106 1290 0
106 1291 0
106 1292 0
106 1293 0
106 1294 0
106 1295 0
106 1296 0
106 1297 0
106 1298 0
106 1299 0
106 1300 0
106 1301 0
106 1302 0
106 1303 0
106 1304 0
106 1305 0
106 1306 0
106 1307 0
106 1308 0
106 1309 0
106 1310 0
106 1311 0
106 1312 0
106 1313 0
106 1314 0
106 1315 0
106 1316 0
106 1317 0
106 1318 0
106 1319 0
106 1320 0
106 1321 0
106 1322 0
106 1323 0
106 1324 0
106 1325 0
106 1326 0
106 1327 0
106 1328 0
106 1329 0
106 1330 0
106 1331 0
106 1332 0
106 1333 0
106 1334 0
106 1335 0
106 1336 0
106 1337 0
106 1338 0
106 1339 0
106 1340 0
106 1341 0
106 1342 0
106 1343 0
106 1344 0
106 1345 0
106 1346 0
106 1347 0
106 1348 0
106 1349 0
106 1350 0
106 1351 0
106 1352 0
106 1353 0
106 1354 0
106 1355 0
106 1356 0
106 1357 0
106 1358 0
106 1359 0
106 1360 0
106 1361 0
106 1362 0
106 1363 0
106 1364 0
106 1365 0
106 1366 0
106 1367 0
106 1368 0
106 1369 0
106 1370 0
106 1371 0
106 1372 0
106 1373 0
106 1374 0
106 1375 0
106 1376 0
106 1377 0
106 1378 0
106 1379 0
106 1380 0
106 1381 0
106 1382 0
106 1383 0
106 1384 0
106 1385 0
106 1386 0
106 1387 0
106 1388 0
106 1389 0
106 1390 0
106 1391 0
106 1392 0
106 1393 0
106 1394 0
106 1395 0
106 1396 0
106 1397 0
106 1398 0
106 1399 0
107 0 0
107 1 0
107 2 0
107 3 0
107 4 0
107 5 0
107 6 0
107 7 0
107 8 0
107 9 0
107 10 0
107 11 0
107 12 0
107 13 0
107 14 0
107 15 0
107 16 0
107 17 0
107 18 0
107 19 0
107 20 0
107 21 0
107 22 0
107 23 0
107 24 0
107 25 0
107 26 0
107 27 0
107 28 0
107 29 0
107 30 0
107 31 0
107 32 0
107 33 0
107 34 0
107 35 0
107 36 0
107 37 0
107 38 0
107 39 0
107 40 0
107 41 0
107 42 0
107 43 0
107 44 0
107 45 0
107 46 0
107 47 0
107 48 0
107 49 0
107 50 0
107 51 0
107 52 0
107 53 0
107 54 0
107 55 0
107 56 0
107 57 0
107 58 0
107 59 0
107 60 0
107 61 0
107 62 0
107 63 0
107 64 0
107 65 0
107 66 0
107 67 0
107 68 0
107 69 0
107 70 0
107 71 0
107 72 0
107 73 0
107 74 0
107 75 0
107 76 0
107 77 0
107 78 0
107 79 0
107 80 0
107 81 0
107 82 0
107 83 0
107 84 0
107 85 0
107 86 0
107 87 0
107 88 0
107 89 0
107 90 0
107 91 0
107 92 0
107 93 0
107 94 0
107 95 0
107 96 0
107 97 0
107 98 0
107 99 0
107 100 0
107 101 0
107 102 0
107 103 0
107 104 0
107 105 0
107 106 0
107 107 0
107 108 0
107 109 0
107 110 0
107 111 0
107 112 0
107 113 0
107 114 0
107 115 0
107 116 0
107 117 0
107 118 0
107 119 0
107 120 0
107 121 0
107 122 0
107 123 0
107 124 0
107 125 0
107 126 0
107 127 0
107 128 0
107 129 0
107 130 0
107 131 0
107 132 0
107 133 0
107 134 0
107 135 0
107 136 0
107 137 0
107 138 0
107 139 0
107 140 0
107 141 0
107 142 0
107 143 0
107 144 0
107 145 0
107 146 0
107 147 0
107 148 0
107 149 0
107 150 0
107 151 0
107 152 0
107 153 0
107 154 0
107 155 0
107 156 0
107 157 0
107 158 0
107 159 0
107 160 0
107 161 0
107 162 0
107 163 0
107 164 0
107 165 0
107 166 0
107 167 0
107 168 0
107 169 0
107 170 0
107 171 0
107 172 0
107 173 0
107 174 0
107 175 0
107 176 0
107 177 0
107 178 0
107 179 0
107 180 0
107 181 0
107 182 0
107 183 0
107 184 0
107 185 0
107 186 0
107 187 0
107 188 0
107 189 0
107 190 0
107 191 0
107 192 0
107 193 0
107 194 0
107 195 0
107 196 0
107 197 0
107 198 0
107 199 0
107 200 0
107 201 0
107 202 0
107 203 0
107 204 0
107 205 0
107 206 0
107 207 0
107 208 0
107 209 0
107 210 0
107 211 0
107 212 0
107 213 0
107 214 0
107 215 0
107 216 0
107 217 0
107 218 0
107 219 0
107 220 0
107 221 0
107 222 0
107 223 0
107 224 0
107 225 0
107 226 0
107 227 0
107 228 0
107 229 0
107 230 0
107 231 0
107 232 0
107 233 0
107 234 0
107 235 0
107 236 0
107 237 0
107 238 0
107 239 0
107 240 0
107 241 0
107 242 0
107 243 0
107 244 0
107 245 0
107 246 0
107 247 0
107 248 0
107 249 0
107 250 0
107 251 0
107 252 0
107 253 0
107 254 0
107 255 0
107 256 0
107 257 0
107 258 0
107 259 0
107 260 0
107 261 0
107 262 0
107 263 0
107 264 0
107 265 0
107 266 0
107 267 0
107 268 0
107 269 0
107 270 0
107 271 0
107 272 0
107 273 0
107 274 0
107 275 0
107 276 0
107 277 0
107 278 0
107 279 0
107 280 0
107 281 0
107 282 0
107 283 0
107 284 0
107 285 0
107 286 0
107 287 0
107 288 0
107 289 0
107 290 0
107 291 0
107 292 0
107 293 0
107 294 0
107 295 0
107 296 0
107 297 0
107 298 0
107 299 0
107 300 0
107 301 0
107 302 0
107 303 0
107 304 0
107 305 0
107 306 0
107 307 0
107 308 0
107 309 0
107 310 0
107 311 0
107 312 0
107 313 0
107 314 0
107 315 0
107 316 0
107 317 0
107 318 0
107 319 0
107 320 0
107 321 0
107 322 0
107 323 0
107 324 0
107 325 0
107 326 0
107 327 0
107 328 0
107 329 0
107 330 0
107 331 0
107 332 0
107 333 0
107 334 0
107 335 0
107 336 0
107 337 0
107 338 0
107 339 0
107 340 0
107 341 0
107 342 0
107 343 0
107 344 0
107 345 0
107 346 0
107 347 0
107 348 0
107 349 0
107 350 0
107 351 0
107 352 0
107 353 0
107 354 0
107 355 0
107 356 0
107 357 0
107 358 0
107 359 0
107 360 0
107 361 0
107 362 0
107 363 0
107 364 0
107 365 0
107 366 0
107 367 0
107 368 0
107 369 0
107 370 0
107 371 0
107 372 0
107 373 0
107 374 0
107 375 0
107 376 0
107 377 0
107 378 0
107 379 0
107 380 0
107 381 0
107 382 0
107 383 0
107 384 0
107 385 0
107 386 0
107 387 0
107 388 0
107 389 0
107 390 0
107 391 0
107 392 0
107 393 0
107 394 0
107 395 0
107 396 0
107 397 0
107 398 0
107 399 0
107 400 0
107 401 0
107 402 0
107 403 0
107 404 0
107 405 0
107 406 0
107 407 0
107 408 0
107 409 0
107 410 0
107 411 0
107 412 0
107 413 0
107 414 0
107 415 0
107 416 0
107 417 0
107 418 0
107 419 0
107 420 0
107 421 0
107 422 0
107 423 0
107 424 0
107 425 0
107 426 0
107 427 0
107 428 0
107 429 0
107 430 0
107 431 0
107 432 0
107 433 0
107 434 0
107 435 0
107 436 0
107 437 0
107 438 0
107 439 0
107 440 0
107 441 0
107 442 0
107 443 0
107 444 0
107 445 0
107 446 0
107 447 0
107 448 0
107 449 0
107 450 0
107 451 0
107 452 0
107 453 0
107 454 0
107 455 0
107 456 0
107 457 0
107 458 0
107 459 0
107 460 0
107 461 0
107 462 0
107 463 0
107 464 0
107 465 0
107 466 0
107 467 0
107 468 0
107 469 0
107 470 0
107 471 0
107 472 0
107 473 0
107 474 0
107 475 0
107 476 0
107 477 0
107 478 0
107 479 0
107 480 0
107 481 0
107 482 0
107 483 0
107 484 0
107 485 0
107 486 0
107 487 0
107 488 0
107 489 0
107 490 0
107 491 0
107 492 0
107 493 0
107 494 0
107 495 0
107 496 0
107 497 0
107 498 0
107 499 0
107 500 0
107 501 0
107 502 0
107 503 0
107 504 0
107 505 0
107 506 0
107 507 0
107 508 0
107 509 0
107 510 0
107 511 0
107 512 0
107 513 0
107 514 0
107 515 0
107 516 0
107 517 0
107 518 0
107 519 0
107 520 0
107 521 0
107 522 0
107 523 0
107 524 0
107 525 0
107 526 0
107 527 0
107 528 0
107 529 0
107 530 0
107 531 0
107 532 0
107 533 0
107 534 0
107 535 0
107 536 0
107 537 0
107 538 0
107 539 0
107 540 0
107 541 0
107 542 0
107 543 0
107 544 0
107 545 0
107 546 0
107 547 0
107 548 0
107 549 0
107 550 0
107 551 0
107 552 0
107 553 0
107 554 0
107 555 0
107 556 0
107 557 0
107 558 0
107 559 0
107 560 0
107 561 0
107 562 0
107 563 0
107 564 0
107 565 0
107 566 0
107 567 0
107 568 0
107 569 0
107 570 0
107 571 0
107 572 0
107 573 0
107 574 0
107 575 0
107 576 0
107 577 0
107 578 0
107 579 0
107 580 0
107 581 0
107 582 0
107 583 0
107 584 0
107 585 0
107 586 0
107 587 0
107 588 0
107 589 0
107 590 0
107 591 0
107 592 0
107 593 0
107 594 0
107 595 0
107 596 0
107 597 0
107 598 0
107 599 0
107 600 0
107 601 0
107 602 0
107 603 0
107 604 0
107 605 0
107 606 0
107 607 0
107 608 0
107 609 0
107 610 0
107 611 0
107 612 0
107 613 0
107 614 0
107 615 0
107 616 0
107 617 0
107 618 0
107 619 0
107 620 0
107 621 0
107 622 0
107 623 0
107 624 0
107 625 0
107 626 0
107 627 0
107 628 0
107 629 0
107 630 0
107 631 0
107 632 0
107 633 0
107 634 0
107 635 0
107 636 0
107 637 0
107 638 0
107 639 0
107 640 0
107 641 0
107 642 0
107 643 0
107 644 0
107 645 0
107 646 0
107 647 0
107 648 0
107 649 0
107 650 0
107 651 0
107 652 0
107 653 0
107 654 0
107 655 0
107 656 0
107 657 0
107 658 0
107 659 0
107 660 0
107 661 0
107 662 0
107 663 0
107 664 0
107 665 0
107 666 0
107 667 0
107 668 0
107 669 0
107 670 0
107 671 0
107 672 0
107 673 0
107 674 0
107 675 0
107 676 0
107 677 0
107 678 0
107 679 0
107 680 0
107 681 0
107 682 0
107 683 0
107 684 0
107 685 0
107 686 0
107 687 0
107 688 0
107 689 0
107 690 0
107 691 0
107 692 0
107 693 0
107 694 0
107 695 0
107 696 0
107 697 0
107 698 0
107 699 0
107 700 0
107 701 0
107 702 0
107 703 0
107 704 0
107 705 0
107 706 0
107 707 0
107 708 0
107 709 0
107 710 0
107 711 0
107 712 0
107 713 0
107 714 0
107 715 0
107 716 0
107 717 0
107 718 0
107 719 0
107 720 0
107 721 0
107 722 0
107 723 0
107 724 0
107 725 0
107 726 0
107 727 0
107 728 0
107 729 0
107 730 0
107 731 0
107 732 0
107 733 0
107 734 0
107 735 0
107 736 0
107 737 0
107 738 0
107 739 0
107 740 0
107 741 0
107 742 0
107 743 0
107 744 0
107 745 0
107 746 0
107 747 0
107 748 0
107 749 0
107 750 0
107 751 0
107 752 0
107 753 0
107 754 0
107 755 0
107 756 0
107 757 0
107 758 0
107 759 0
107 760 0
107 761 0
107 762 0
107 763 0
107 764 0
107 765 0
107 766 0
107 767 0
107 768 0
107 769 0
107 770 0
107 771 0
107 772 0
107 773 0
107 774 0
107 775 0
107 776 0
107 777 0
107 778 0
107 779 0
107 780 0
107 781 0
107 782 0
107 783 0
107 784 0
107 785 0
107 786 0
107 787 0
107 788 0
107 789 0
107 790 0
107 791 0
107 792 0
107 793 0
107 794 0
107 795 0
107 796 0
107 797 0
107 798 0
107 799 0
107 800 0
107 801 0
107 802 0
107 803 0
107 804 0
107 805 0
107 806 0
107 807 0
107 808 0
107 809 0
107 810 0
107 811 0
107 812 0
107 813 0
107 814 0
107 815 0
107 816 0
107 817 0
107 818 0
107 819 0
107 820 0
107 821 0
107 822 0
107 823 0
107 824 0
107 825 0
107 826 0
107 827 0
107 828 0
107 829 0
107 830 0
107 831 0
107 832 0
107 833 0
107 834 0
107 835 0
107 836 0
107 837 0
107 838 0
107 839 0
107 840 0
107 841 0
107 842 0
107 843 0
107 844 0
107 845 0
107 846 0
107 847 0
107 848 0
107 849 0
107 850 0
107 851 0
107 852 0
107 853 0
107 854 0
107 855 0
107 856 0
107 857 0
107 858 0
107 859 0
107 860 0
107 861 0
107 862 0
107 863 0
107 864 0
107 865 0
107 866 0
107 867 0
107 868 0
107 869 0
107 870 0
107 871 0
107 872 0
107 873 0
107 874 0
107 875 0
107 876 0
107 877 0
107 878 0
107 879 0
107 880 0
107 881 0
107 882 0
107 883 0
107 884 0
107 885 0
107 886 0
107 887 0
107 888 0
107 889 0
107 890 0
107 891 0
107 892 0
107 893 0
107 894 0
107 895 0
107 896 0
107 897 0
107 898 0
107 899 0
107 900 0
107 901 0
107 902 0
107 903 0
107 904 0
107 905 0
107 906 0
107 907 0
107 908 0
107 909 0
107 910 0
107 911 0
107 912 0
107 913 0
107 914 0
107 915 0
107 916 0
107 917 0
107 918 0
107 919 0
107 920 0
107 921 0
107 922 0
107 923 0
107 924 0
107 925 0
107 926 0
107 927 0
107 928 0
107 929 0
107 930 0
107 931 0
107 932 0
107 933 0
107 934 0
107 935 0
107 936 0
107 937 0
107 938 0
107 939 0
107 940 0
107 941 0
107 942 0
107 943 0
107 944 0
107 945 0
107 946 0
107 947 0
107 948 0
107 949 0
107 950 0
107 951 0
107 952 0
107 953 0
107 954 0
107 955 0
107 956 0
107 957 0
107 958 0
107 959 0
107 960 0
107 961 0
107 962 0
107 963 0
107 964 0
107 965 0
107 966 0
107 967 0
107 968 0
107 969 0
107 970 0
107 971 0
107 972 0
107 973 0
107 974 0
107 975 0
107 976 0
107 977 0
107 978 0
107 979 0
107 980 0
107 981 0
107 982 0
107 983 0
107 984 0
107 985 0
107 986 0
107 987 0
107 988 0
107 989 0
107 990 0
107 991 0
107 992 0
107 993 0
107 994 0
107 995 0
107 996 0
107 997 0
107 998 0
107 999 0
107 1000 0
107 1001 0
107 1002 0
107 1003 0
107 1004 0
107 1005 0
107 1006 0
107 1007 0
107 1008 0
107 1009 0
107 1010 0
107 1011 0
107 1012 0
107 1013 0
107 1014 0
107 1015 0
107 1016 0
107 1017 0
107 1018 0
107 1019 0
107 1020 0
107 1021 0
107 1022 0
107 1023 0
107 1024 0
107 1025 0
107 1026 0
107 1027 0
107 1028 0
107 1029 0
107 1030 0
107 1031 0
107 1032 0
107 1033 0
107 1034 0
107 1035 0
107 1036 0
107 1037 0
107 1038 0
107 1039 0
107 1040 0
107 1041 0
107 1042 0
107 1043 0
107 1044 0
107 1045 0
107 1046 0
107 1047 0
107 1048 0
107 1049 0
107 1050 0
107 1051 0
107 1052 0
107 1053 0
107 1054 0
107 1055 0
107 1056 0
107 1057 0
107 1058 0
107 1059 0
107 1060 0
107 1061 0
107 1062 0
107 1063 0
107 1064 0
107 1065 0
107 1066 0
107 1067 0
107 1068 0
107 1069 0
107 1070 0
107 1071 0
107 1072 0
107 1073 0
107 1074 0
107 1075 0
107 1076 0
107 1077 0
107 1078 0
107 1079 0
107 1080 0
107 1081 0
107 1082 0
107 1083 0
107 1084 0
107 1085 0
107 1086 0
107 1087 0
107 1088 0
107 1089 0
107 1090 0
107 1091 0
107 1092 0
107 1093 0
107 1094 0
107 1095 0
107 1096 0
107 1097 0
107 1098 0
107 1099 0
107 1100 0
107 1101 0
107 1102 0
107 1103 0
107 1104 0
107 1105 0
107 1106 0
107 1107 0
107 1108 0
107 1109 0
107 1110 0
107 1111 0
107 1112 0
107 1113 0
107 1114 0
107 1115 0
107 1116 0
107 1117 0
107 1118 0
107 1119 0
107 1120 0
107 1121 0
107 1122 0
107 1123 0
107 1124 0
107 1125 0
107 1126 0
107 1127 0
107 1128 0
107 1129 0
107 1130 0
107 1131 0
107 1132 0
107 1133 0
107 1134 0
107 1135 0
107 1136 0
107 1137 0
107 1138 0
107 1139 0
107 1140 0
107 1141 0
107 1142 0
107 1143 0
107 1144 0
107 1145 0
107 1146 0
107 1147 0
107 1148 0
107 1149 0
107 1150 0
107 1151 0
107 1152 0
107 1153 0
107 1154 0
107 1155 0
107 1156 0
107 1157 0
107 1158 0
107 1159 0
107 1160 0
107 1161 0
107 1162 0
107 1163 0
107 1164 0
107 1165 0
107 1166 0
107 1167 0
107 1168 0
107 1169 0
107 1170 0
107 1171 0
107 1172 0
107 1173 0
107 1174 0
107 1175 0
107 1176 0
107 1177 0
107 1178 0
107 1179 0
107 1180 0
107 1181 0
107 1182 0
107 1183 0
107 1184 0
107 1185 0
107 1186 0
107 1187 0
107 1188 0
107 1189 0
107 1190 0
107 1191 0
107 1192 0
107 1193 0
107 1194 0
107 1195 0
107 1196 0
107 1197 0
107 1198 0
107 1199 0
107 1200 0
107 1201 0
107 1202 0
107 1203 0
107 1204 0
107 1205 0
107 1206 0
107 1207 0
107 1208 0
107 1209 0
107 1210 0
107 1211 0
107 1212 0
107 1213 0
107 1214 0
107 1215 0
107 1216 0
107 1217 0
107 1218 0
107 1219 0
107 1220 0
107 1221 0
107 1222 0
107 1223 0
107 1224 0
107 1225 0
107 1226 0
107 1227 0
107 1228 0
107 1229 0
107 1230 0
107 1231 0
107 1232 0
107 1233 0
107 1234 0
107 1235 0
107 1236 0
107 1237 0
107 1238 0
107 1239 0
107 1240 0
107 1241 0
107 1242 0
107 1243 0
107 1244 0
107 1245 0
107 1246 0
107 1247 0
107 1248 0
107 1249 0
107 1250 0
107 1251 0
107 1252 0
107 1253 0
107 1254 0
107 1255 0
107 1256 0
107 1257 0
107 1258 0
107 1259 0
107 1260 0
107 1261 0
107 1262 0
107 1263 0
107 1264 0
107 1265 0
107 1266 0
107 1267 0
107 1268 0
107 1269 0
107 1270 0
107 1271 0
107 1272 0
107 1273 0
107 1274 0
107 1275 0
107 1276 0
107 1277 0
107 1278 0
107 1279 0
107 1280 0
107 1281 0
107 1282 0
107 1283 0
107 1284 0
107 1285 0
107 1286 0
107 1287 0
107 1288 0
107 1289 0
107 1290 0
107 1291 0
107 1292 0
107 1293 0
107 1294 0
107 1295 0
107 1296 0
107 1297 0
107 1298 0
107 1299 0
107 1300 0
107 1301 0
107 1302 0
107 1303 0
107 1304 0
107 1305 0
107 1306 0
107 1307 0
107 1308 0
107 1309 0
107 1310 0
107 1311 0
107 1312 0
107 1313 0
107 1314 0
107 1315 0
107 1316 0
107 1317 0
107 1318 0
107 1319 0
107 1320 0
107 1321 0
107 1322 0
107 1323 0
107 1324 0
107 1325 0
107 1326 0
107 1327 0
107 1328 0
107 1329 0
107 1330 0
107 1331 0
107 1332 0
107 1333 0
107 1334 0
107 1335 0
107 1336 0
107 1337 0
107 1338 0
107 1339 0
107 1340 0
107 1341 0
107 1342 0
107 1343 0
107 1344 0
107 1345 0
107 1346 0
107 1347 0
107 1348 0
107 1349 0
107 1350 0
107 1351 0
107 1352 0
107 1353 0
107 1354 0
107 1355 0
107 1356 0
107 1357 0
107 1358 0
107 1359 0
107 1360 0
107 1361 0
107 1362 0
107 1363 0
107 1364 0
107 1365 0
107 1366 0
107 1367 0
107 1368 0
107 1369 0
107 1370 0
107 1371 0
107 1372 0
107 1373 0
107 1374 0
107 1375 0
107 1376 0
107 1377 0
107 1378 0
107 1379 0
107 1380 0
107 1381 0
107 1382 0
107 1383 0
107 1384 0
107 1385 0
107 1386 0
107 1387 0
107 1388 0
107 1389 0
107 1390 0
107 1391 0
107 1392 0
107 1393 0
107 1394 0
107 1395 0
107 1396 0
107 1397 0
107 1398 0
107 1399 0
108 0 0
108 1 0
108 2 0
108 3 0
108 4 0
108 5 0
108 6 0
108 7 0
108 8 0
108 9 0
108 10 0
108 11 0
108 12 0
108 13 0
108 14 0
108 15 0
108 16 0
108 17 0
108 18 0
108 19 0
108 20 0
108 21 0
108 22 0
108 23 0
108 24 0
108 25 0
108 26 0
108 27 0
108 28 0
108 29 0
108 30 0
108 31 0
108 32 0
108 33 0
108 34 0
108 35 0
108 36 0
108 37 0
108 38 0
108 39 0
108 40 0
108 41 0
108 42 0
108 43 0
108 44 0
108 45 0
108 46 0
108 47 0
108 48 0
108 49 0
108 50 0
108 51 0
108 52 0
108 53 0
108 54 0
108 55 0
108 56 0
108 57 0
108 58 0
108 59 0
108 60 0
108 61 0
108 62 0
108 63 0
108 64 0
108 65 0
108 66 0
108 67 0
108 68 0
108 69 0
108 70 0
108 71 0
108 72 0
108 73 0
108 74 0
108 75 0
108 76 0
108 77 0
108 78 0
108 79 0
108 80 0
108 81 0
108 82 0
108 83 0
108 84 0
108 85 0
108 86 0
108 87 0
108 88 0
108 89 0
108 90 0
108 91 0
108 92 0
108 93 0
108 94 0
108 95 0
108 96 0
108 97 0
108 98 0
108 99 0
108 100 0
108 101 0
108 102 0
108 103 0
108 104 0
108 105 0
108 106 0
108 107 0
108 108 0
108 109 0
108 110 0
108 111 0
108 112 0
108 113 0
108 114 0
108 115 0
108 116 0
108 117 0
108 118 0
108 119 0
108 120 0
108 121 0
108 122 0
108 123 0
108 124 0
108 125 0
108 126 0
108 127 0
108 128 0
108 129 0
108 130 0
108 131 0
108 132 0
108 133 0
108 134 0
108 135 0
108 136 0
108 137 0
108 138 0
108 139 0
108 140 0
108 141 0
108 142 0
108 143 0
108 144 0
108 145 0
108 146 0
108 147 0
108 148 0
108 149 0
108 150 0
108 151 0
108 152 0
108 153 0
108 154 0
108 155 0
108 156 0
108 157 0
108 158 0
108 159 0
108 160 0
108 161 0
108 162 0
108 163 0
108 164 0
108 165 0
108 166 0
108 167 0
108 168 0
108 169 0
108 170 0
108 171 0
108 172 0
108 173 0
108 174 0
108 175 0
108 176 0
108 177 0
108 178 0
108 179 0
108 180 0
108 181 0
108 182 0
108 183 0
108 184 0
108 185 0
108 186 0
108 187 0
108 188 0
108 189 0
108 190 0
108 191 0
108 192 0
108 193 0
108 194 0
108 195 0
108 196 0
108 197 0
108 198 0
108 199 0
108 200 0
108 201 0
108 202 0
108 203 0
108 204 0
108 205 0
108 206 0
108 207 0
108 208 0
108 209 0
108 210 0
108 211 0
108 212 0
108 213 0
108 214 0
108 215 0
108 216 0
108 217 0
108 218 0
108 219 0
108 220 0
108 221 0
108 222 0
108 223 0
108 224 0
108 225 0
108 226 0
108 227 0
108 228 0
108 229 0
108 230 0
108 231 0
108 232 0
108 233 0
108 234 0
108 235 0
108 236 0
108 237 0
108 238 0
108 239 0
108 240 0
108 241 0
108 242 0
108 243 0
108 244 0
108 245 0
108 246 0
108 247 0
108 248 0
108 249 0
108 250 0
108 251 0
108 252 0
108 253 0
108 254 0
108 255 0
108 256 0
108 257 0
108 258 0
108 259 0
108 260 0
108 261 0
108 262 0
108 263 0
108 264 0
108 265 0
108 266 0
108 267 0
108 268 0
108 269 0
108 270 0
108 271 0
108 272 0
108 273 0
108 274 0
108 275 0
108 276 0
108 277 0
108 278 0
108 279 0
108 280 0
108 281 0
108 282 0
108 283 0
108 284 0
108 285 0
108 286 0
108 287 0
108 288 0
108 289 0
108 290 0
108 291 0
108 292 0
108 293 0
108 294 0
108 295 0
108 296 0
108 297 0
108 298 0
108 299 0
108 300 0
108 301 0
108 302 0
108 303 0
108 304 0
108 305 0
108 306 0
108 307 0
108 308 0
108 309 0
108 310 0
108 311 0
108 312 0
108 313 0
108 314 0
108 315 0
108 316 0
108 317 0
108 318 0
108 319 0
108 320 0
108 321 0
108 322 0
108 323 0
108 324 0
108 325 0
108 326 0
108 327 0
108 328 0
108 329 0
108 330 0
108 331 0
108 332 0
108 333 0
108 334 0
108 335 0
108 336 0
108 337 0
108 338 0
108 339 0
108 340 0
108 341 0
108 342 0
108 343 0
108 344 0
108 345 0
108 346 0
108 347 0
108 348 0
108 349 0
108 350 0
108 351 0
108 352 0
108 353 0
108 354 0
108 355 0
108 356 0
108 357 0
108 358 0
108 359 0
108 360 0
108 361 0
108 362 0
108 363 0
108 364 0
108 365 0
108 366 0
108 367 0
108 368 0
108 369 0
108 370 0
108 371 0
108 372 0
108 373 0
108 374 0
108 375 0
108 376 0
108 377 0
108 378 0
108 379 0
108 380 0
108 381 0
108 382 0
108 383 0
108 384 0
108 385 0
108 386 0
108 387 0
108 388 0
108 389 0
108 390 0
108 391 0
108 392 0
108 393 0
108 394 0
108 395 0
108 396 0
108 397 0
108 398 0
108 399 0
108 400 0
108 401 0
108 402 0
108 403 0
108 404 0
108 405 0
108 406 0
108 407 0
108 408 0
108 409 0
108 410 0
108 411 0
108 412 0
108 413 0
108 414 0
108 415 0
108 416 0
108 417 0
108 418 0
108 419 0
108 420 0
108 421 0
108 422 0
108 423 0
108 424 0
108 425 0
108 426 0
108 427 0
108 428 0
108 429 0
108 430 0
108 431 0
108 432 0
108 433 0
108 434 0
108 435 0
108 436 0
108 437 0
108 438 0
108 439 0
108 440 0
108 441 0
108 442 0
108 443 0
108 444 0
108 445 0
108 446 0
108 447 0
108 448 0
108 449 0
108 450 0
108 451 0
108 452 0
108 453 0
108 454 0
108 455 0
108 456 0
108 457 0
108 458 0
108 459 0
108 460 0
108 461 0
108 462 0
108 463 0
108 464 0
108 465 0
108 466 0
108 467 0
108 468 0
108 469 0
108 470 0
108 471 0
108 472 0
108 473 0
108 474 0
108 475 0
108 476 0
108 477 0
108 478 0
108 479 0
108 480 0
108 481 0
108 482 0
108 483 0
108 484 0
108 485 0
108 486 0
108 487 0
108 488 0
108 489 0
108 490 0
108 491 0
108 492 0
108 493 0
108 494 0
108 495 0
108 496 0
108 497 0
108 498 0
108 499 0
108 500 0
108 501 0
108 502 0
108 503 0
108 504 0
108 505 0
108 506 0
108 507 0
108 508 0
108 509 0
108 510 0
108 511 0
108 512 0
108 513 0
108 514 0
108 515 0
108 516 0
108 517 0
108 518 0
108 519 0
108 520 0
108 521 0
108 522 0
108 523 0
108 524 0
108 525 0
108 526 0
108 527 0
108 528 0
108 529 0
108 530 0
108 531 0
108 532 0
108 533 0
108 534 0
108 535 0
108 536 0
108 537 0
108 538 0
108 539 0
108 540 0
108 541 0
108 542 0
108 543 0
108 544 0
108 545 0
108 546 0
108 547 0
108 548 0
108 549 0
108 550 0
108 551 0
108 552 0
108 553 0
108 554 0
108 555 0
108 556 0
108 557 0
108 558 0
108 559 0
108 560 0
108 561 0
108 562 0
108 563 0
108 564 0
108 565 0
108 566 0
108 567 0
108 568 0
108 569 0
108 570 0
108 571 0
108 572 0
108 573 0
108 574 0
108 575 0
108 576 0
108 577 0
108 578 0
108 579 0
108 580 0
108 581 0
108 582 0
108 583 0
108 584 0
108 585 0
108 586 0
108 587 0
108 588 0
108 589 0
108 590 0
108 591 0
108 592 0
108 593 0
108 594 0
108 595 0
108 596 0
108 597 0
108 598 0
108 599 0
108 600 0
108 601 0
108 602 0
108 603 0
108 604 0
108 605 0
108 606 0
108 607 0
108 608 0
108 609 0
108 610 0
108 611 0
108 612 0
108 613 0
108 614 0
108 615 0
108 616 0
108 617 0
108 618 0
108 619 0
108 620 0
108 621 0
108 622 0
108 623 0
108 624 0
108 625 0
108 626 0
108 627 0
108 628 0
108 629 0
108 630 0
108 631 0
108 632 0
108 633 0
108 634 0
108 635 0
108 636 0
108 637 0
108 638 0
108 639 0
108 640 0
108 641 0
108 642 0
108 643 0
108 644 0
108 645 0
108 646 0
108 647 0
108 648 0
108 649 0
108 650 0
108 651 0
108 652 0
108 653 0
108 654 0
108 655 0
108 656 0
108 657 0
108 658 0
108 659 0
108 660 0
108 661 0
108 662 0
108 663 0
108 664 0
108 665 0
108 666 0
108 667 0
108 668 0
108 669 0
108 670 0
108 671 0
108 672 0
108 673 0
108 674 0
108 675 0
108 676 0
108 677 0
108 678 0
108 679 0
108 680 0
108 681 0
108 682 0
108 683 0
108 684 0
108 685 0
108 686 0
108 687 0
108 688 0
108 689 0
108 690 0
108 691 0
108 692 0
108 693 0
108 694 0
108 695 0
108 696 0
108 697 0
108 698 0
108 699 0
108 700 0
108 701 0
108 702 0
108 703 0
108 704 0
108 705 0
108 706 0
108 707 0
108 708 0
108 709 0
108 710 0
108 711 0
108 712 0
108 713 0
108 714 0
108 715 0
108 716 0
108 717 0
108 718 0
108 719 0
108 720 0
108 721 0
108 722 0
108 723 0
108 724 0
108 725 0
108 726 0
108 727 0
108 728 0
108 729 0
108 730 0
108 731 0
108 732 0
108 733 0
108 734 0
108 735 0
108 736 0
108 737 0
108 738 0
108 739 0
108 740 0
108 741 0
108 742 0
108 743 0
108 744 0
108 745 0
108 746 0
108 747 0
108 748 0
108 749 0
108 750 0
108 751 0
108 752 0
108 753 0
108 754 0
108 755 0
108 756 0
108 757 0
108 758 0
108 759 0
108 760 0
108 761 0
108 762 0
108 763 0
108 764 0
108 765 0
108 766 0
108 767 0
108 768 0
108 769 0
108 770 0
108 771 0
108 772 0
108 773 0
108 774 0
108 775 0
108 776 0
108 777 0
108 778 0
108 779 0
108 780 0
108 781 0
108 782 0
108 783 0
108 784 0
108 785 0
108 786 0
108 787 0
108 788 0
108 789 0
108 790 0
108 791 0
108 792 0
108 793 0
108 794 0
108 795 0
108 796 0
108 797 0
108 798 0
108 799 0
108 800 0
108 801 0
108 802 0
108 803 0
108 804 0
108 805 0
108 806 0
108 807 0
108 808 0
108 809 0
108 810 0
108 811 0
108 812 0
108 813 0
108 814 0
108 815 0
108 816 0
108 817 0
108 818 0
108 819 0
108 820 0
108 821 0
108 822 0
108 823 0
108 824 0
108 825 0
108 826 0
108 827 0
108 828 0
108 829 0
108 830 0
108 831 0
108 832 0
108 833 0
108 834 0
108 835 0
108 836 0
108 837 0
108 838 0
108 839 0
108 840 0
108 841 0
108 842 0
108 843 0
108 844 0
108 845 0
108 846 0
108 847 0
108 848 0
108 849 0
108 850 0
108 851 0
108 852 0
108 853 0
108 854 0
108 855 0
108 856 0
108 857 0
108 858 0
108 859 0
108 860 0
108 861 0
108 862 0
108 863 0
108 864 0
108 865 0
108 866 0
108 867 0
108 868 0
108 869 0
108 870 0
108 871 0
108 872 0
108 873 0
108 874 0
108 875 0
108 876 0
108 877 0
108 878 0
108 879 0
108 880 0
108 881 0
108 882 0
108 883 0
108 884 0
108 885 0
108 886 0
108 887 0
108 888 0
108 889 0
108 890 0
108 891 0
108 892 0
108 893 0
108 894 0
108 895 0
108 896 0
108 897 0
108 898 0
108 899 0
108 900 0
108 901 0
108 902 0
108 903 0
108 904 0
108 905 0
108 906 0
108 907 0
108 908 0
108 909 0
108 910 0
108 911 0
108 912 0
108 913 0
108 914 0
108 915 0
108 916 0
108 917 0
108 918 0
108 919 0
108 920 0
108 921 0
108 922 0
108 923 0
108 924 0
108 925 0
108 926 0
108 927 0
108 928 0
108 929 0
108 930 0
108 931 0
108 932 0
108 933 0
108 934 0
108 935 0
108 936 0
108 937 0
108 938 0
108 939 0
108 940 0
108 941 0
108 942 0
108 943 0
108 944 0
108 945 0
108 946 0
108 947 0
108 948 0
108 949 0
108 950 0
108 951 0
108 952 0
108 953 0
108 954 0
108 955 0
108 956 0
108 957 0
108 958 0
108 959 0
108 960 0
108 961 0
108 962 0
108 963 0
108 964 0
108 965 0
108 966 0
108 967 0
108 968 0
108 969 0
108 970 0
108 971 0
108 972 0
108 973 0
108 974 0
108 975 0
108 976 0
108 977 0
108 978 0
108 979 0
108 980 0
108 981 0
108 982 0
108 983 0
108 984 0
108 985 0
108 986 0
108 987 0
108 988 0
108 989 0
108 990 0
108 991 0
108 992 0
108 993 0
108 994 0
108 995 0
108 996 0
108 997 0
108 998 0
108 999 0
108 1000 0
108 1001 0
108 1002 0
108 1003 0
108 1004 0
108 1005 0
108 1006 0
108 1007 0
108 1008 0
108 1009 0
108 1010 0
108 1011 0
108 1012 0
108 1013 0
108 1014 0
108 1015 0
108 1016 0
108 1017 0
108 1018 0
108 1019 0
108 1020 0
108 1021 0
108 1022 0
108 1023 0
108 1024 0
108 1025 0
108 1026 0
108 1027 0
108 1028 0
108 1029 0
108 1030 0
108 1031 0
108 1032 0
108 1033 0
108 1034 0
108 1035 0
108 1036 0
108 1037 0
108 1038 0
108 1039 0
108 1040 0
108 1041 0
108 1042 0
108 1043 0
108 1044 0
108 1045 0
108 1046 0
108 1047 0
108 1048 0
108 1049 0
108 1050 0
108 1051 0
108 1052 0
108 1053 0
108 1054 0
108 1055 0
108 1056 0
108 1057 0
108 1058 0
108 1059 0
108 1060 0
108 1061 0
108 1062 0
108 1063 0
108 1064 0
108 1065 0
108 1066 0
108 1067 0
108 1068 0
108 1069 0
108 1070 0
108 1071 0
108 1072 0
108 1073 0
108 1074 0
108 1075 0
108 1076 0
108 1077 0
108 1078 0
108 1079 0
108 1080 0
108 1081 0
108 1082 0
108 1083 0
108 1084 0
108 1085 0
108 1086 0
108 1087 0
108 1088 0
108 1089 0
108 1090 0
108 1091 0
108 1092 0
108 1093 0
108 1094 0
108 1095 0
108 1096 0
108 1097 0
108 1098 0
108 1099 0
108 1100 0
108 1101 0
108 1102 0
108 1103 0
108 1104 0
108 1105 0
108 1106 0
108 1107 0
108 1108 0
108 1109 0
108 1110 0
108 1111 0
108 1112 0
108 1113 0
108 1114 0
108 1115 0
108 1116 0
108 1117 0
108 1118 0
108 1119 0
108 1120 0
108 1121 0
108 1122 0
108 1123 0
108 1124 0
108 1125 0
108 1126 0
108 1127 0
108 1128 0
108 1129 0
108 1130 0
108 1131 0
108 1132 0
108 1133 0
108 1134 0
108 1135 0
108 1136 0
108 1137 0
108 1138 0
108 1139 0
108 1140 0
108 1141 0
108 1142 0
108 1143 0
108 1144 0
108 1145 0
108 1146 0
108 1147 0
108 1148 0
108 1149 0
108 1150 0
108 1151 0
108 1152 0
108 1153 0
108 1154 0
108 1155 0
108 1156 0
108 1157 0
108 1158 0
108 1159 0
108 1160 0
108 1161 0
108 1162 0
108 1163 0
108 1164 0
108 1165 0
108 1166 0
108 1167 0
108 1168 0
108 1169 0
108 1170 0
108 1171 0
108 1172 0
108 1173 0
108 1174 0
108 1175 0
108 1176 0
108 1177 0
108 1178 0
108 1179 0
108 1180 0
108 1181 0
108 1182 0
108 1183 0
108 1184 0
108 1185 0
108 1186 0
108 1187 0
108 1188 0
108 1189 0
108 1190 0
108 1191 0
108 1192 0
108 1193 0
108 1194 0
108 1195 0
108 1196 0
108 1197 0
108 1198 0
108 1199 0
108 1200 0
108 1201 0
108 1202 0
108 1203 0
108 1204 0
108 1205 0
108 1206 0
108 1207 0
108 1208 0
108 1209 0
108 1210 0
108 1211 0
108 1212 0
108 1213 0
108 1214 0
108 1215 0
108 1216 0
108 1217 0
108 1218 0
108 1219 0
108 1220 0
108 1221 0
108 1222 0
108 1223 0
108 1224 0
108 1225 0
108 1226 0
108 1227 0
108 1228 0
108 1229 0
108 1230 0
108 1231 0
108 1232 0
108 1233 0
108 1234 0
108 1235 0
108 1236 0
108 1237 0
108 1238 0
108 1239 0
108 1240 0
108 1241 0
108 1242 0
108 1243 0
108 1244 0
108 1245 0
108 1246 0
108 1247 0
108 1248 0
108 1249 0
108 1250 0
108 1251 0
108 1252 0
108 1253 0
108 1254 0
108 1255 0
108 1256 0
108 1257 0
108 1258 0
108 1259 0
108 1260 0
108 1261 0
108 1262 0
108 1263 0
108 1264 0
108 1265 0
108 1266 0
108 1267 0
108 1268 0
108 1269 0
108 1270 0
108 1271 0
108 1272 0
108 1273 0
108 1274 0
108 1275 0
108 1276 0
108 1277 0
108 1278 0
108 1279 0
108 1280 0
108 1281 0
108 1282 0
108 1283 0
108 1284 0
108 1285 0
108 1286 0
108 1287 0
108 1288 0
108 1289 0
108 1290 0
108 1291 0
108 1292 0
108 1293 0
108 1294 0
108 1295 0
108 1296 0
108 1297 0
108 1298 0
108 1299 0
108 1300 0
108 1301 0
108 1302 0
108 1303 0
108 1304 0
108 1305 0
108 1306 0
108 1307 0
108 1308 0
108 1309 0
108 1310 0
108 1311 0
108 1312 0
108 1313 0
108 1314 0
108 1315 0
108 1316 0
108 1317 0
108 1318 0
108 1319 0
108 1320 0
108 1321 0
108 1322 0
108 1323 0
108 1324 0
108 1325 0
108 1326 0
108 1327 0
108 1328 0
108 1329 0
108 1330 0
108 1331 0
108 1332 0
108 1333 0
108 1334 0
108 1335 0
108 1336 0
108 1337 0
108 1338 0
108 1339 0
108 1340 0
108 1341 0
108 1342 0
108 1343 0
108 1344 0
108 1345 0
108 1346 0
108 1347 0
108 1348 0
108 1349 0
108 1350 0
108 1351 0
108 1352 0
108 1353 0
108 1354 0
108 1355 0
108 1356 0
108 1357 0
108 1358 0
108 1359 0
108 1360 0
108 1361 0
108 1362 0
108 1363 0
108 1364 0
108 1365 0
108 1366 0
108 1367 0
108 1368 0
108 1369 0
108 1370 0
108 1371 0
108 1372 0
108 1373 0
108 1374 0
108 1375 0
108 1376 0
108 1377 0
108 1378 0
108 1379 0
108 1380 0
108 1381 0
108 1382 0
108 1383 0
108 1384 0
108 1385 0
108 1386 0
108 1387 0
108 1388 0
108 1389 0
108 1390 0
108 1391 0
108 1392 0
108 1393 0
108 1394 0
108 1395 0
108 1396 0
108 1397 0
108 1398 0
108 1399 0
109 0 0
109 1 0
109 2 0
109 3 0
109 4 0
109 5 0
109 6 0
109 7 0
109 8 0
109 9 0
109 10 0
109 11 0
109 12 0
109 13 0
109 14 0
109 15 0
109 16 0
109 17 0
109 18 0
109 19 0
109 20 0
109 21 0
109 22 0
109 23 0
109 24 0
109 25 0
109 26 0
109 27 0
109 28 0
109 29 0
109 30 0
109 31 0
109 32 0
109 33 0
109 34 0
109 35 0
109 36 0
109 37 0
109 38 0
109 39 0
109 40 0
109 41 0
109 42 0
109 43 0
109 44 0
109 45 0
109 46 0
109 47 0
109 48 0
109 49 0
109 50 0
109 51 0
109 52 0
109 53 0
109 54 0
109 55 0
109 56 0
109 57 0
109 58 0
109 59 0
109 60 0
109 61 0
109 62 0
109 63 0
109 64 0
109 65 0
109 66 0
109 67 0
109 68 0
109 69 0
109 70 0
109 71 0
109 72 0
109 73 0
109 74 0
109 75 0
109 76 0
109 77 0
109 78 0
109 79 0
109 80 0
109 81 0
109 82 0
109 83 0
109 84 0
109 85 0
109 86 0
109 87 0
109 88 0
109 89 0
109 90 0
109 91 0
109 92 0
109 93 0
109 94 0
109 95 0
109 96 0
109 97 0
109 98 0
109 99 0
109 100 0
109 101 0
109 102 0
109 103 0
109 104 0
109 105 0
109 106 0
109 107 0
109 108 0
109 109 0
109 110 0
109 111 0
109 112 0
109 113 0
109 114 0
109 115 0
109 116 0
109 117 0
109 118 0
109 119 0
109 120 0
109 121 0
109 122 0
109 123 0
109 124 0
109 125 0
109 126 0
109 127 0
109 128 0
109 129 0
109 130 0
109 131 0
109 132 0
109 133 0
109 134 0
109 135 0
109 136 0
109 137 0
109 138 0
109 139 0
109 140 0
109 141 0
109 142 0
109 143 0
109 144 0
109 145 0
109 146 0
109 147 0
109 148 0
109 149 0
109 150 0
109 151 0
109 152 0
109 153 0
109 154 0
109 155 0
109 156 0
109 157 0
109 158 0
109 159 0
109 160 0
109 161 0
109 162 0
109 163 0
109 164 0
109 165 0
109 166 0
109 167 0
109 168 0
109 169 0
109 170 0
109 171 0
109 172 0
109 173 0
109 174 0
109 175 0
109 176 0
109 177 0
109 178 0
109 179 0
109 180 0
109 181 0
109 182 0
109 183 0
109 184 0
109 185 0
109 186 0
109 187 0
109 188 0
109 189 0
109 190 0
109 191 0
109 192 0
109 193 0
109 194 0
109 195 0
109 196 0
109 197 0
109 198 0
109 199 0
109 200 0
109 201 0
109 202 0
109 203 0
109 204 0
109 205 0
109 206 0
109 207 0
109 208 0
109 209 0
109 210 0
109 211 0
109 212 0
109 213 0
109 214 0
109 215 0
109 216 0
109 217 0
109 218 0
109 219 0
109 220 0
109 221 0
109 222 0
109 223 0
109 224 0
109 225 0
109 226 0
109 227 0
109 228 0
109 229 0
109 230 0
109 231 0
109 232 0
109 233 0
109 234 0
109 235 0
109 236 0
109 237 0
109 238 0
109 239 0
109 240 0
109 241 0
109 242 0
109 243 0
109 244 0
109 245 0
109 246 0
109 247 0
109 248 0
109 249 0
109 250 0
109 251 0
109 252 0
109 253 0
109 254 0
109 255 0
109 256 0
109 257 0
109 258 0
109 259 0
109 260 0
109 261 0
109 262 0
109 263 0
109 264 0
109 265 0
109 266 0
109 267 0
109 268 0
109 269 0
109 270 0
109 271 0
109 272 0
109 273 0
109 274 0
109 275 0
109 276 0
109 277 0
109 278 0
109 279 0
109 280 0
109 281 0
109 282 0
109 283 0
109 284 0
109 285 0
109 286 0
109 287 0
109 288 0
109 289 0
109 290 0
109 291 0
109 292 0
109 293 0
109 294 0
109 295 0
109 296 0
109 297 0
109 298 0
109 299 0
109 300 0
109 301 0
109 302 0
109 303 0
109 304 0
109 305 0
109 306 0
109 307 0
109 308 0
109 309 0
109 310 0
109 311 0
109 312 0
109 313 0
109 314 0
109 315 0
109 316 0
109 317 0
109 318 0
109 319 0
109 320 0
109 321 0
109 322 0
109 323 0
109 324 0
109 325 0
109 326 0
109 327 0
109 328 0
109 329 0
109 330 0
109 331 0
109 332 0
109 333 0
109 334 0
109 335 0
109 336 0
109 337 0
109 338 0
109 339 0
109 340 0
109 341 0
109 342 0
109 343 0
109 344 0
109 345 0
109 346 0
109 347 0
109 348 0
109 349 0
109 350 0
109 351 0
109 352 0
109 353 0
109 354 0
109 355 0
109 356 0
109 357 0
109 358 0
109 359 0
109 360 0
109 361 0
109 362 0
109 363 0
109 364 0
109 365 0
109 366 0
109 367 0
109 368 0
109 369 0
109 370 0
109 371 0
109 372 0
109 373 0
109 374 0
109 375 0
109 376 0
109 377 0
109 378 0
109 379 0
109 380 0
109 381 0
109 382 0
109 383 0
109 384 0
109 385 0
109 386 0
109 387 0
109 388 0
109 389 0
109 390 0
109 391 0
109 392 0
109 393 0
109 394 0
109 395 0
109 396 0
109 397 0
109 398 0
109 399 0
109 400 0
109 401 0
109 402 0
109 403 0
109 404 0
109 405 0
109 406 0
109 407 0
109 408 0
109 409 0
109 410 0
109 411 0
109 412 0
109 413 0
109 414 0
109 415 0
109 416 0
109 417 0
109 418 0
109 419 0
109 420 0
109 421 0
109 422 0
109 423 0
109 424 0
109 425 0
109 426 0
109 427 0
109 428 0
109 429 0
109 430 0
109 431 0
109 432 0
109 433 0
109 434 0
109 435 0
109 436 0
109 437 0
109 438 0
109 439 0
109 440 0
109 441 0
109 442 0
109 443 0
109 444 0
109 445 0
109 446 0
109 447 0
109 448 0
109 449 0
109 450 0
109 451 0
109 452 0
109 453 0
109 454 0
109 455 0
109 456 0
109 457 0
109 458 0
109 459 0
109 460 0
109 461 0
109 462 0
109 463 0
109 464 0
109 465 0
109 466 0
109 467 0
109 468 0
109 469 0
109 470 0
109 471 0
109 472 0
109 473 0
109 474 0
109 475 0
109 476 0
109 477 0
109 478 0
109 479 0
109 480 0
109 481 0
109 482 0
109 483 0
109 484 0
109 485 0
109 486 0
109 487 0
109 488 0
109 489 0
109 490 0
109 491 0
109 492 0
109 493 0
109 494 0
109 495 0
109 496 0
109 497 0
109 498 0
109 499 0
109 500 0
109 501 0
109 502 0
109 503 0
109 504 0
109 505 0
109 506 0
109 507 0
109 508 0
109 509 0
109 510 0
109 511 0
109 512 0
109 513 0
109 514 0
109 515 0
109 516 0
109 517 0
109 518 0
109 519 0
109 520 0
109 521 0
109 522 0
109 523 0
109 524 0
109 525 0
109 526 0
109 527 0
109 528 0
109 529 0
109 530 0
109 531 0
109 532 0
109 533 0
109 534 0
109 535 0
109 536 0
109 537 0
109 538 0
109 539 0
109 540 0
109 541 0
109 542 0
109 543 0
109 544 0
109 545 0
109 546 0
109 547 0
109 548 0
109 549 0
109 550 0
109 551 0
109 552 0
109 553 0
109 554 0
109 555 0
109 556 0
109 557 0
109 558 0
109 559 0
109 560 0
109 561 0
109 562 0
109 563 0
109 564 0
109 565 0
109 566 0
109 567 0
109 568 0
109 569 0
109 570 0
109 571 0
109 572 0
109 573 0
109 574 0
109 575 0
109 576 0
109 577 0
109 578 0
109 579 0
109 580 0
109 581 0
109 582 0
109 583 0
109 584 0
109 585 0
109 586 0
109 587 0
109 588 0
109 589 0
109 590 0
109 591 0
109 592 0
109 593 0
109 594 0
109 595 0
109 596 0
109 597 0
109 598 0
109 599 0
109 600 0
109 601 0
109 602 0
109 603 0
109 604 0
109 605 0
109 606 0
109 607 0
109 608 0
109 609 0
109 610 0
109 611 0
109 612 0
109 613 0
109 614 0
109 615 0
109 616 0
109 617 0
109 618 0
109 619 0
109 620 0
109 621 0
109 622 0
109 623 0
109 624 0
109 625 0
109 626 0
109 627 0
109 628 0
109 629 0
109 630 0
109 631 0
109 632 0
109 633 0
109 634 0
109 635 0
109 636 0
109 637 0
109 638 0
109 639 0
109 640 0
109 641 0
109 642 0
109 643 0
109 644 0
109 645 0
109 646 0
109 647 0
109 648 0
109 649 0
109 650 0
109 651 0
109 652 0
109 653 0
109 654 0
109 655 0
109 656 0
109 657 0
109 658 0
109 659 0
109 660 0
109 661 0
109 662 0
109 663 0
109 664 0
109 665 0
109 666 0
109 667 0
109 668 0
109 669 0
109 670 0
109 671 0
109 672 0
109 673 0
109 674 0
109 675 0
109 676 0
109 677 0
109 678 0
109 679 0
109 680 0
109 681 0
109 682 0
109 683 0
109 684 0
109 685 0
109 686 0
109 687 0
109 688 0
109 689 0
109 690 0
109 691 0
109 692 0
109 693 0
109 694 0
109 695 0
109 696 0
109 697 0
109 698 0
109 699 0
109 700 0
109 701 0
109 702 0
109 703 0
109 704 0
109 705 0
109 706 0
109 707 0
109 708 0
109 709 0
109 710 0
109 711 0
109 712 0
109 713 0
109 714 0
109 715 0
109 716 0
109 717 0
109 718 0
109 719 0
109 720 0
109 721 0
109 722 0
109 723 0
109 724 0
109 725 0
109 726 0
109 727 0
109 728 0
109 729 0
109 730 0
109 731 0
109 732 0
109 733 0
109 734 0
109 735 0
109 736 0
109 737 0
109 738 0
109 739 0
109 740 0
109 741 0
109 742 0
109 743 0
109 744 0
109 745 0
109 746 0
109 747 0
109 748 0
109 749 0
109 750 0
109 751 0
109 752 0
109 753 0
109 754 0
109 755 0
109 756 0
109 757 0
109 758 0
109 759 0
109 760 0
109 761 0
109 762 0
109 763 0
109 764 0
109 765 0
109 766 0
109 767 0
109 768 0
109 769 0
109 770 0
109 771 0
109 772 0
109 773 0
109 774 0
109 775 0
109 776 0
109 777 0
109 778 0
109 779 0
109 780 0
109 781 0
109 782 0
109 783 0
109 784 0
109 785 0
109 786 0
109 787 0
109 788 0
109 789 0
109 790 0
109 791 0
109 792 0
109 793 0
109 794 0
109 795 0
109 796 0
109 797 0
109 798 0
109 799 0
109 800 0
109 801 0
109 802 0
109 803 0
109 804 0
109 805 0
109 806 0
109 807 0
109 808 0
109 809 0
109 810 0
109 811 0
109 812 0
109 813 0
109 814 0
109 815 0
109 816 0
109 817 0
109 818 0
109 819 0
109 820 0
109 821 0
109 822 0
109 823 0
109 824 0
109 825 0
109 826 0
109 827 0
109 828 0
109 829 0
109 830 0
109 831 0
109 832 0
109 833 0
109 834 0
109 835 0
109 836 0
109 837 0
109 838 0
109 839 0
109 840 0
109 841 0
109 842 0
109 843 0
109 844 0
109 845 0
109 846 0
109 847 0
109 848 0
109 849 0
109 850 0
109 851 0
109 852 0
109 853 0
109 854 0
109 855 0
109 856 0
109 857 0
109 858 0
109 859 0
109 860 0
109 861 0
109 862 0
109 863 0
109 864 0
109 865 0
109 866 0
109 867 0
109 868 0
109 869 0
109 870 0
109 871 0
109 872 0
109 873 0
109 874 0
109 875 0
109 876 0
109 877 0
109 878 0
109 879 0
109 880 0
109 881 0
109 882 0
109 883 0
109 884 0
109 885 0
109 886 0
109 887 0
109 888 0
109 889 0
109 890 0
109 891 0
109 892 0
109 893 0
109 894 0
109 895 0
109 896 0
109 897 0
109 898 0
109 899 0
109 900 0
109 901 0
109 902 0
109 903 0
109 904 0
109 905 0
109 906 0
109 907 0
109 908 0
109 909 0
109 910 0
109 911 0
109 912 0
109 913 0
109 914 0
109 915 0
109 916 0
109 917 0
109 918 0
109 919 0
109 920 0
109 921 0
109 922 0
109 923 0
109 924 0
109 925 0
109 926 0
109 927 0
109 928 0
109 929 0
109 930 0
109 931 0
109 932 0
109 933 0
109 934 0
109 935 0
109 936 0
109 937 0
109 938 0
109 939 0
109 940 0
109 941 0
109 942 0
109 943 0
109 944 0
109 945 0
109 946 0
109 947 0
109 948 0
109 949 0
109 950 0
109 951 0
109 952 0
109 953 0
109 954 0
109 955 0
109 956 0
109 957 0
109 958 0
109 959 0
109 960 0
109 961 0
109 962 0
109 963 0
109 964 0
109 965 0
109 966 0
109 967 0
109 968 0
109 969 0
109 970 0
109 971 0
109 972 0
109 973 0
109 974 0
109 975 0
109 976 0
109 977 0
109 978 0
109 979 0
109 980 0
109 981 0
109 982 0
109 983 0
109 984 0
109 985 0
109 986 0
109 987 0
109 988 0
109 989 0
109 990 0
109 991 0
109 992 0
109 993 0
109 994 0
109 995 0
109 996 0
109 997 0
109 998 0
109 999 0
109 1000 0
109 1001 0
109 1002 0
109 1003 0
109 1004 0
109 1005 0
109 1006 0
109 1007 0
109 1008 0
109 1009 0
109 1010 0
109 1011 0
109 1012 0
109 1013 0
109 1014 0
109 1015 0
109 1016 0
109 1017 0
109 1018 0
109 1019 0
109 1020 0
109 1021 0
109 1022 0
109 1023 0
109 1024 0
109 1025 0
109 1026 0
109 1027 0
109 1028 0
109 1029 0
109 1030 0
109 1031 0
109 1032 0
109 1033 0
109 1034 0
109 1035 0
109 1036 0
109 1037 0
109 1038 0
109 1039 0
109 1040 0
109 1041 0
109 1042 0
109 1043 0
109 1044 0
109 1045 0
109 1046 0
109 1047 0
109 1048 0
109 1049 0
109 1050 0
109 1051 0
109 1052 0
109 1053 0
109 1054 0
109 1055 0
109 1056 0
109 1057 0
109 1058 0
109 1059 0
109 1060 0
109 1061 0
109 1062 0
109 1063 0
109 1064 0
109 1065 0
109 1066 0
109 1067 0
109 1068 0
109 1069 0
109 1070 0
109 1071 0
109 1072 0
109 1073 0
109 1074 0
109 1075 0
109 1076 0
109 1077 0
109 1078 0
109 1079 0
109 1080 0
109 1081 0
109 1082 0
109 1083 0
109 1084 0
109 1085 0
109 1086 0
109 1087 0
109 1088 0
109 1089 0
109 1090 0
109 1091 0
109 1092 0
109 1093 0
109 1094 0
109 1095 0
109 1096 0
109 1097 0
109 1098 0
109 1099 0
109 1100 0
109 1101 0
109 1102 0
109 1103 0
109 1104 0
109 1105 0
109 1106 0
109 1107 0
109 1108 0
109 1109 0
109 1110 0
109 1111 0
109 1112 0
109 1113 0
109 1114 0
109 1115 0
109 1116 0
109 1117 0
109 1118 0
109 1119 0
109 1120 0
109 1121 0
109 1122 0
109 1123 0
109 1124 0
109 1125 0
109 1126 0
109 1127 0
109 1128 0
109 1129 0
109 1130 0
109 1131 0
109 1132 0
109 1133 0
109 1134 0
109 1135 0
109 1136 0
109 1137 0
109 1138 0
109 1139 0
109 1140 0
109 1141 0
109 1142 0
109 1143 0
109 1144 0
109 1145 0
109 1146 0
109 1147 0
109 1148 0
109 1149 0
109 1150 0
109 1151 0
109 1152 0
109 1153 0
109 1154 0
109 1155 0
109 1156 0
109 1157 0
109 1158 0
109 1159 0
109 1160 0
109 1161 0
109 1162 0
109 1163 0
109 1164 0
109 1165 0
109 1166 0
109 1167 0
109 1168 0
109 1169 0
109 1170 0
109 1171 0
109 1172 0
109 1173 0
109 1174 0
109 1175 0
109 1176 0
109 1177 0
109 1178 0
109 1179 0
109 1180 0
109 1181 0
109 1182 0
109 1183 0
109 1184 0
109 1185 0
109 1186 0
109 1187 0
109 1188 0
109 1189 0
109 1190 0
109 1191 0
109 1192 0
109 1193 0
109 1194 0
109 1195 0
109 1196 0
109 1197 0
109 1198 0
109 1199 0
109 1200 0
109 1201 0
109 1202 0
109 1203 0
109 1204 0
109 1205 0
109 1206 0
109 1207 0
109 1208 0
109 1209 0
109 1210 0
109 1211 0
109 1212 0
109 1213 0
109 1214 0
109 1215 0
109 1216 0
109 1217 0
109 1218 0
109 1219 0
109 1220 0
109 1221 0
109 1222 0
109 1223 0
109 1224 0
109 1225 0
109 1226 0
109 1227 0
109 1228 0
109 1229 0
109 1230 0
109 1231 0
109 1232 0
109 1233 0
109 1234 0
109 1235 0
109 1236 0
109 1237 0
109 1238 0
109 1239 0
109 1240 0
109 1241 0
109 1242 0
109 1243 0
109 1244 0
109 1245 0
109 1246 0
109 1247 0
109 1248 0
109 1249 0
109 1250 0
109 1251 0
109 1252 0
109 1253 0
109 1254 0
109 1255 0
109 1256 0
109 1257 0
109 1258 0
109 1259 0
109 1260 0
109 1261 0
109 1262 0
109 1263 0
109 1264 0
109 1265 0
109 1266 0
109 1267 0
109 1268 0
109 1269 0
109 1270 0
109 1271 0
109 1272 0
109 1273 0
109 1274 0
109 1275 0
109 1276 0
109 1277 0
109 1278 0
109 1279 0
109 1280 0
109 1281 0
109 1282 0
109 1283 0
109 1284 0
109 1285 0
109 1286 0
109 1287 0
109 1288 0
109 1289 0
109 1290 0
109 1291 0
109 1292 0
109 1293 0
109 1294 0
109 1295 0
109 1296 0
109 1297 0
109 1298 0
109 1299 0
109 1300 0
109 1301 0
109 1302 0
109 1303 0
109 1304 0
109 1305 0
109 1306 0
109 1307 0
109 1308 0
109 1309 0
109 1310 0
109 1311 0
109 1312 0
109 1313 0
109 1314 0
109 1315 0
109 1316 0
109 1317 0
109 1318 0
109 1319 0
109 1320 0
109 1321 0
109 1322 0
109 1323 0
109 1324 0
109 1325 0
109 1326 0
109 1327 0
109 1328 0
109 1329 0
109 1330 0
109 1331 0
109 1332 0
109 1333 0
109 1334 0
109 1335 0
109 1336 0
109 1337 0
109 1338 0
109 1339 0
109 1340 0
109 1341 0
109 1342 0
109 1343 0
109 1344 0
109 1345 0
109 1346 0
109 1347 0
109 1348 0
109 1349 0
109 1350 0
109 1351 0
109 1352 0
109 1353 0
109 1354 0
109 1355 0
109 1356 0
109 1357 0
109 1358 0
109 1359 0
109 1360 0
109 1361 0
109 1362 0
109 1363 0
109 1364 0
109 1365 0
109 1366 0
109 1367 0
109 1368 0
109 1369 0
109 1370 0
109 1371 0
109 1372 0
109 1373 0
109 1374 0
109 1375 0
109 1376 0
109 1377 0
109 1378 0
109 1379 0
109 1380 0
109 1381 0
109 1382 0
109 1383 0
109 1384 0
109 1385 0
109 1386 0
109 1387 0
109 1388 0
109 1389 0
109 1390 0
109 1391 0
109 1392 0
109 1393 0
109 1394 0
109 1395 0
109 1396 0
109 1397 0
109 1398 0
109 1399 0
