102 0 0.00505 0
102 1 0.00505 0
102 2 0.00505 0
102 3 0.00505 0
102 4 0.00505 0
102 5 0.00505 0
102 10 0.00505 0
102 11 0.00505 0
102 12 0.00505 0
102 13 0.00505 0
102 14 0.00505 0
102 15 0.00505 0
102 20 0.00505 0
102 21 0.00505 0
102 22 0.00505 0
102 23 0.00505 0
102 24 0.00505 0
102 25 0.00505 0
102 26 0.00505 0
102 30 0.00505 0
102 31 0.00505 0
102 32 0.00505 0
102 33 0.00505 0
102 34 0.00505 0
102 35 0.00505 0
102 36 0.00505 0
102 40 0.00505 0
102 41 0.00505 0
102 42 0.00505 0
102 43 0.00505 0
102 44 0.00505 0
102 45 0.00505 0
102 50 0.00505 0
102 51 0.00505 0
102 52 0.00505 0
102 53 0.00505 0
102 54 0.00505 0
102 55 0.00505 0
103 0 0.00505 0
103 1 0.00505 0
103 2 0.00505 0
103 3 0.00505 0
103 4 0.00505 0
103 5 0.00505 0
103 10 0.00505 0
103 11 0.00505 0
103 12 0.00505 0
103 13 0.00505 0
103 14 0.00505 0
103 15 0.00505 0
103 20 0.00505 0
103 21 0.00505 0
103 22 0.00505 0
103 23 0.00505 0
103 24 0.00505 0
103 25 0.00505 0
103 26 0.00505 0
103 30 0.00505 0
103 31 0.00505 0
103 32 0.00505 0
103 33 0.00505 0
103 34 0.00505 0
103 35 0.00505 0
103 36 0.00505 0
103 40 0.00505 0
103 41 0.00505 0
103 42 0.00505 0
103 43 0.00505 0
103 44 0.00505 0
103 45 0.00505 0
103 50 0.00505 0
103 51 0.00505 0
103 52 0.00505 0
103 53 0.00505 0
103 54 0.00505 0
103 55 0.00505 0
104 0 0.00505 0
104 1 0.00505 0
104 2 0.00505 0
104 3 0.00505 0
104 4 0.00505 0
104 5 0.00505 0
104 10 0.00505 0
104 11 0.00505 0
104 12 0.00505 0
104 13 0.00505 0
104 14 0.00505 0
104 15 0.00505 0
104 20 0.00505 0
104 21 0.00505 0
104 22 0.00505 0
104 23 0.00505 0
104 24 0.00505 0
104 25 0.00505 0
104 26 0.00505 0
104 30 0.00505 0
104 31 0.00505 0
104 32 0.00505 0
104 33 0.00505 0
104 34 0.00505 0
104 35 0.00505 0
104 36 0.00505 0
104 40 0.00505 0
104 41 0.00505 0
104 42 0.00505 0
104 43 0.00505 0
104 44 0.00505 0
104 45 0.00505 0
104 50 0.00505 0
104 51 0.00505 0
104 52 0.00505 0
104 53 0.00505 0
104 54 0.00505 0
104 55 0.00505 0
106 0 0.00505 0
106 1 0.00505 0
106 2 0.00505 0
106 3 0.00505 0
106 4 0.00505 0
106 5 0.00505 0
106 10 0.00505 0
106 11 0.00505 0
106 12 0.00505 0
106 13 0.00505 0
106 14 0.00505 0
106 15 0.00505 0
106 20 0.00505 0
106 21 0.00505 0
106 22 0.00505 0
106 23 0.00505 0
106 24 0.00505 0
106 25 0.00505 0
106 26 0.00505 0
106 30 0.00505 0
106 31 0.00505 0
106 32 0.00505 0
106 33 0.00505 0
106 34 0.00505 0
106 35 0.00505 0
106 36 0.00505 0
106 40 0.00505 0
106 41 0.00505 0
106 42 0.00505 0
106 43 0.00505 0
106 44 0.00505 0
106 45 0.00505 0
106 50 0.00505 0
106 51 0.00505 0
106 52 0.00505 0
106 53 0.00505 0
106 54 0.00505 0
106 55 0.00505 0
107 0 0.00505 0
107 1 0.00505 0
107 2 0.00505 0
107 3 0.00505 0
107 4 0.00505 0
107 5 0.00505 0
107 10 0.00505 0
107 11 0.00505 0
107 12 0.00505 0
107 13 0.00505 0
107 14 0.00505 0
107 15 0.00505 0
107 20 0.00505 0
107 21 0.00505 0
107 22 0.00505 0
107 23 0.00505 0
107 24 0.00505 0
107 25 0.00505 0
107 26 0.00505 0
107 30 0.00505 0
107 31 0.00505 0
107 32 0.00505 0
107 33 0.00505 0
107 34 0.00505 0
107 35 0.00505 0
107 36 0.00505 0
107 40 0.00505 0
107 41 0.00505 0
107 42 0.00505 0
107 43 0.00505 0
107 44 0.00505 0
107 45 0.00505 0
107 50 0.00505 0
107 51 0.00505 0
107 52 0.00505 0
107 53 0.00505 0
107 54 0.00505 0
107 55 0.00505 0
108 0 0.00505 0
108 1 0.00505 0
108 2 0.00505 0
108 3 0.00505 0
108 4 0.00505 0
108 5 0.00505 0
108 10 0.00505 0
108 11 0.00505 0
108 12 0.00505 0
108 13 0.00505 0
108 14 0.00505 0
108 15 0.00505 0
108 20 0.00505 0
108 21 0.00505 0
108 22 0.00505 0
108 23 0.00505 0
108 24 0.00505 0
108 25 0.00505 0
108 26 0.00505 0
108 30 0.00505 0
108 31 0.00505 0
108 32 0.00505 0
108 33 0.00505 0
108 34 0.00505 0
108 35 0.00505 0
108 36 0.00505 0
108 40 0.00505 0
108 41 0.00505 0
108 42 0.00505 0
108 43 0.00505 0
108 44 0.00505 0
108 45 0.00505 0
108 50 0.00505 0
108 51 0.00505 0
108 52 0.00505 0
108 53 0.00505 0
108 54 0.00505 0
108 55 0.00505 0
