0 0 0 101 0 0 0
0 0 1 101 1 0 1
0 0 2 101 2 0 2
0 0 3 101 3 0 3
0 0 4 101 4 0 4
0 0 5 101 5 0 5
0 0 6 101 6 0 6
0 0 7 101 7 0 7
0 0 8 101 8 0 8
0 0 9 101 9 0 9
0 0 10 101 10 0 10
0 0 11 101 11 0 11
0 0 12 101 12 0 12
0 0 13 101 13 0 13
0 0 14 101 14 0 14
0 0 15 101 15 0 15
0 0 16 101 16 0 16
0 0 17 101 17 0 17
0 0 18 101 18 0 18
0 0 19 101 19 0 19
0 0 20 101 20 0 20
0 0 21 101 21 0 21
0 0 22 101 22 0 22
0 0 23 101 23 0 23
0 0 24 255 255 255 255
0 0 25 255 255 255 255
0 0 26 255 255 255 255
0 0 27 255 255 255 255
0 0 28 255 255 255 255
0 0 29 255 255 255 255
0 0 30 255 255 255 255
0 0 31 255 255 255 255
0 0 32 102 0 0 0
0 0 33 102 1 0 1
0 0 34 102 2 0 2
0 0 35 102 3 0 3
0 0 36 102 4 0 4
0 0 37 102 5 0 5
0 0 38 102 6 0 6
0 0 39 102 7 0 7
0 0 40 102 8 0 8
0 0 41 102 9 0 9
0 0 42 102 10 0 10
0 0 43 102 11 0 11
0 0 44 102 12 0 12
0 0 45 102 13 0 13
0 0 46 102 14 0 14
0 0 47 102 15 0 15
0 0 48 102 16 0 16
0 0 49 102 17 0 17
0 0 50 102 18 0 18
0 0 51 102 19 0 19
0 0 52 102 20 0 20
0 0 53 102 21 0 21
0 0 54 102 22 0 22
0 0 55 102 23 0 23
0 0 56 255 255 255 255
0 0 57 255 255 255 255
0 0 58 255 255 255 255
0 0 59 255 255 255 255
0 0 60 255 255 255 255
0 0 61 255 255 255 255
0 0 62 255 255 255 255
0 0 63 255 255 255 255
0 1 0 103 0 0 0
0 1 1 103 1 0 1
0 1 2 103 2 0 2
0 1 3 103 3 0 3
0 1 4 103 4 0 4
0 1 5 103 5 0 5
0 1 6 103 6 0 6
0 1 7 103 7 0 7
0 1 8 103 8 0 8
0 1 9 103 9 0 9
0 1 10 103 10 0 10
0 1 11 103 11 0 11
0 1 12 103 12 0 12
0 1 13 103 13 0 13
0 1 14 103 14 0 14
0 1 15 103 15 0 15
0 1 16 103 16 0 16
0 1 17 103 17 0 17
0 1 18 103 18 0 18
0 1 19 103 19 0 19
0 1 20 103 20 0 20
0 1 21 103 21 0 21
0 1 22 103 22 0 22
0 1 23 103 23 0 23
0 1 24 255 255 255 255
0 1 25 255 255 255 255
0 1 26 255 255 255 255
0 1 27 255 255 255 255
0 1 28 255 255 255 255
0 1 29 255 255 255 255
0 1 30 255 255 255 255
0 1 31 255 255 255 255
0 1 32 104 0 0 0
0 1 33 104 1 0 1
0 1 34 104 2 0 2
0 1 35 104 3 0 3
0 1 36 104 4 0 4
0 1 37 104 5 0 5
0 1 38 104 6 0 6
0 1 39 104 7 0 7
0 1 40 104 8 0 8
0 1 41 104 9 0 9
0 1 42 104 10 0 10
0 1 43 104 11 0 11
0 1 44 104 12 0 12
0 1 45 104 13 0 13
0 1 46 104 14 0 14
0 1 47 104 15 0 15
0 1 48 104 16 0 16
0 1 49 104 17 0 17
0 1 50 104 18 0 18
0 1 51 104 19 0 19
0 1 52 104 20 0 20
0 1 53 104 21 0 21
0 1 54 104 22 0 22
0 1 55 104 23 0 23
0 1 56 255 255 255 255
0 1 57 255 255 255 255
0 1 58 255 255 255 255
0 1 59 255 255 255 255
0 1 60 255 255 255 255
0 1 61 255 255 255 255
0 1 62 255 255 255 255
0 1 63 255 255 255 255
0 2 0 106 0 0 0
0 2 1 106 1 0 1
0 2 2 106 2 0 2
0 2 3 106 3 0 3
0 2 4 106 4 0 4
0 2 5 106 5 0 5
0 2 6 106 6 0 6
0 2 7 106 7 0 7
0 2 8 106 8 0 8
0 2 9 106 9 0 9
0 2 10 106 10 0 10
0 2 11 106 11 0 11
0 2 12 106 12 0 12
0 2 13 106 13 0 13
0 2 14 106 14 0 14
0 2 15 106 15 0 15
0 2 16 106 16 0 16
0 2 17 106 17 0 17
0 2 18 106 18 0 18
0 2 19 106 19 0 19
0 2 20 106 20 0 20
0 2 21 106 21 0 21
0 2 22 106 22 0 22
0 2 23 106 23 0 23
0 2 24 255 255 255 255
0 2 25 255 255 255 255
0 2 26 255 255 255 255
0 2 27 255 255 255 255
0 2 28 255 255 255 255
0 2 29 255 255 255 255
0 2 30 255 255 255 255
0 2 31 255 255 255 255
0 2 32 107 0 0 0
0 2 33 107 1 0 1
0 2 34 107 2 0 2
0 2 35 107 3 0 3
0 2 36 107 4 0 4
0 2 37 107 5 0 5
0 2 38 107 6 0 6
0 2 39 107 7 0 7
0 2 40 107 8 0 8
0 2 41 107 9 0 9
0 2 42 107 10 0 10
0 2 43 107 11 0 11
0 2 44 107 12 0 12
0 2 45 107 13 0 13
0 2 46 107 14 0 14
0 2 47 107 15 0 15
0 2 48 107 16 0 16
0 2 49 107 17 0 17
0 2 50 107 18 0 18
0 2 51 107 19 0 19
0 2 52 107 20 0 20
0 2 53 107 21 0 21
0 2 54 107 22 0 22
0 2 55 107 23 0 23
0 2 56 255 255 255 255
0 2 57 255 255 255 255
0 2 58 255 255 255 255
0 2 59 255 255 255 255
0 2 60 255 255 255 255
0 2 61 255 255 255 255
0 2 62 255 255 255 255
0 2 63 255 255 255 255
0 3 0 108 0 0 0
0 3 1 108 1 0 1
0 3 2 108 2 0 2
0 3 3 108 3 0 3
0 3 4 108 4 0 4
0 3 5 108 5 0 5
0 3 6 108 6 0 6
0 3 7 108 7 0 7
0 3 8 108 8 0 8
0 3 9 108 9 0 9
0 3 10 108 10 0 10
0 3 11 108 11 0 11
0 3 12 108 12 0 12
0 3 13 108 13 0 13
0 3 14 108 14 0 14
0 3 15 108 15 0 15
0 3 16 108 16 0 16
0 3 17 108 17 0 17
0 3 18 108 18 0 18
0 3 19 108 19 0 19
0 3 20 108 20 0 20
0 3 21 108 21 0 21
0 3 22 108 22 0 22
0 3 23 108 23 0 23
0 3 24 255 255 255 255
0 3 25 255 255 255 255
0 3 26 255 255 255 255
0 3 27 255 255 255 255
0 3 28 255 255 255 255
0 3 29 255 255 255 255
0 3 30 255 255 255 255
0 3 31 255 255 255 255
0 3 32 109 0 0 0
0 3 33 109 1 0 1
0 3 34 109 2 0 2
0 3 35 109 3 0 3
0 3 36 109 4 0 4
0 3 37 109 5 0 5
0 3 38 109 6 0 6
0 3 39 109 7 0 7
0 3 40 109 8 0 8
0 3 41 109 9 0 9
0 3 42 109 10 0 10
0 3 43 109 11 0 11
0 3 44 109 12 0 12
0 3 45 109 13 0 13
0 3 46 109 14 0 14
0 3 47 109 15 0 15
0 3 48 109 16 0 16
0 3 49 109 17 0 17
0 3 50 109 18 0 18
0 3 51 109 19 0 19
0 3 52 109 20 0 20
0 3 53 109 21 0 21
0 3 54 109 22 0 22
0 3 55 109 23 0 23
0 3 56 255 255 255 255
0 3 57 255 255 255 255
0 3 58 255 255 255 255
0 3 59 255 255 255 255
0 3 60 255 255 255 255
0 3 61 255 255 255 255
0 3 62 255 255 255 255
0 3 63 255 255 255 255
