102 0 99.525 10.098
102 1 101.91 10.306
102 2 99.1412 5.31267
102 3 96.7965 6.48066
102 4 98.0905 4.51598
102 5 98.7246 4.77156
102 10 103.731 9.64049
102 11 102.743 6.98582
102 12 98.9803 6.42151
102 13 99.7414 5.4641
102 14 100.109 4.07562
102 15 100.562 4.68586
102 20 104.273 10.1472
102 21 104.139 11.5044
102 22 104.168 8.55352
102 23 104.373 5.55324
102 24 104.101 5.61675
102 25 102.64 5.44038
102 26 102.549 5.23701
102 30 105.602 7.24585
102 31 102.702 7.11762
102 32 102.966 6.17965
102 33 103.28 6.04971
102 34 105.596 5.38916
102 35 103.25 5.55674
102 36 105.026 6.2069
102 40 102.827 7.17388
102 41 100.173 7.44001
102 42 100.978 5.22461
102 43 100.66 5.34785
102 44 97.1468 5.61008
102 45 100.666 5.39625
102 50 101.074 4.94242
102 51 98.0083 8.82956
102 52 97.8144 4.98861
102 53 98.9818 5.35472
102 54 100.254 6.093
102 55 99.3777 5.28561
103 0 93.7276 5.46418
103 1 92.616 5.27751
103 2 93.7696 5.26082
103 3 93.602 6.54503
103 4 94.6594 6.94147
103 5 100.015 5.20641
103 10 94.3806 5.38747
103 11 91.8549 4.69745
103 12 95.1831 4.94342
103 13 95.4701 6.46406
103 14 95.5742 7.17538
103 15 100.037 5.0774
103 20 93.9623 9.1483
103 21 92.9985 5.33825
103 22 94.8051 5.29813
103 23 95.542 6.0926
103 24 94.0424 5.9212
103 25 96.4908 8.02231
103 26 98.9499 4.65004
103 30 95.0129 7.42312
103 31 93.7526 5.19907
103 32 95.2554 4.9872
103 33 95.0941 6.62997
103 34 94.958 5.53475
103 35 95.6528 6.12346
103 36 100.008 5.3804
103 40 96.8537 4.13981
103 41 96.8655 5.21515
103 42 96.1696 5.91432
103 43 92.7541 7.12386
103 44 95.7846 5.63163
103 45 99.6602 5.29954
103 50 94.0818 4.93942
103 51 95.9091 5.14089
103 52 95.5664 6.00895
103 53 93.6188 6.84611
103 54 95.8156 7.07399
103 55 98.6624 5.25989
104 0 99.0353 4.89554
104 1 98.351 4.79732
104 2 97.7986 5.7248
104 3 100.25 6.15711
104 4 94.7357 6.66953
104 5 95.818 7.30957
104 10 99.9066 5.38833
104 11 98.9815 4.82793
104 12 98.2318 6.18219
104 13 99.8158 6.38506
104 14 94.2798 7.36469
104 15 94.7633 7.87892
104 20 99.5261 4.97379
104 21 100.805 5.21897
104 22 99.6127 5.44325
104 23 97.7186 6.80232
104 24 93.9526 8.25141
104 25 93.9367 7.79223
104 26 95.8377 7.59436
104 30 101.501 4.40793
104 31 99.2304 5.22764
104 32 99.0521 4.8553
104 33 99.8005 6.49697
104 34 95.0037 8.05107
104 35 93.8574 7.24785
104 36 95.2355 7.99999
104 40 100.18 4.7607
104 41 98.2721 5.4092
104 42 98.9178 7.54084
104 43 96.0252 6.72443
104 44 94.3688 8.2227
104 45 95.2996 7.27275
104 50 98.2413 4.87742
104 51 97.9388 5.77939
104 52 99.6814 6.26604
104 53 94.5348 7.92743
104 54 95.2849 7.83682
104 55 96.2033 7.09443
106 0 91.0782 4.77495
106 1 90.2837 5.49228
106 2 92.3544 4.97384
106 3 90.1586 5.11068
106 4 91.5529 4.66563
106 5 92.6351 5.50658
106 10 91.5912 5.13499
106 11 90.7792 4.83129
106 12 93.104 5.08706
106 13 90.9661 4.97572
106 14 92.7716 4.91451
106 15 93.9398 6.00996
106 20 92.0211 5.04696
106 21 90.4418 5.1478
106 22 91.2674 4.82537
106 23 91.8095 5.19296
106 24 92.5245 4.82791
106 25 94.2936 5.52304
106 26 92.9055 5.38376
106 30 93.3074 4.95871
106 31 90.6304 5.04206
106 32 91.6831 5.38342
106 33 91.3159 5.14427
106 34 91.604 4.72189
106 35 93.3522 5.66257
106 36 92.5523 5.57678
106 40 92.6404 4.76029
106 41 92.8994 5.03629
106 42 91.4583 4.70152
106 43 92.6013 5.23117
106 44 92.654 5.12929
106 45 92.1959 4.86444
106 50 92.535 4.97734
106 51 91.0561 4.91432
106 52 90.912 5.02498
106 53 93.1621 5.06676
106 54 92.8381 4.93852
106 55 91.5457 4.99536
107 0 91.8552 5.69449
107 1 100.54 5.77265
107 2 101.631 5.70563
107 3 93.7229 5.05333
107 4 94.6723 5.70122
107 5 94.1837 6.89921
107 10 92.6574 5.9267
107 11 99.2607 5.72054
107 12 102.041 5.90698
107 13 96.1927 5.17878
107 14 96.5395 6.02034
107 15 92.918 7.32738
107 20 93.3701 6.40314
107 21 96.726 4.84042
107 22 100.197 5.80191
107 23 101.78 5.06852
107 24 94.8599 5.65925
107 25 95.1282 5.12906
107 26 97.0843 5.2507
107 30 93.0889 6.31728
107 31 101.563 4.69114
107 32 100.342 5.76124
107 33 103.77 5.21607
107 34 94.4277 5.55118
107 35 95.1799 4.31302
107 36 98.0142 5.50279
107 40 93.7393 4.91924
107 41 101.038 5.51041
107 42 101.071 5.23608
107 43 102.631 4.6437
107 44 94.7349 5.3846
107 45 95.1393 4.92571
107 50 94.6486 5.15127
107 51 102.003 4.85489
107 52 100.528 5.4709
107 53 102.243 5.07085
107 54 95.724 5.1524
107 55 94.2038 5.08292
108 0 98.6482 5.25947
108 1 98.2824 4.50363
108 2 98.9247 5.55171
108 3 98.5949 4.40754
108 4 109.281 5.95804
108 5 107.604 5.32856
108 10 100.75 4.5298
108 11 100.132 4.95053
108 12 101.899 5.097
108 13 99.7848 4.63244
108 14 109.676 6.92477
108 15 108.743 5.32573
108 20 103.663 6.65558
108 21 102.285 6.17671
108 22 103.071 5.62812
108 23 102.582 5.13016
108 24 104.365 4.61956
108 25 109.7 6.05396
108 26 111.504 5.60174
108 30 102.65 6.76345
108 31 103.687 6.19935
108 32 103.9 5.77433
108 33 103.571 8.00688
108 34 102.304 6.19886
108 35 111.775 5.37162
108 36 114.012 5.86182
108 40 100.732 8.30675
108 41 96.1476 4.56079
108 42 100.731 4.9872
108 43 101.127 4.62727
108 44 100.979 4.11739
108 45 108.173 7.00217
108 50 99.4804 7.06001
108 51 98.5571 5.0164
108 52 98.9732 5.71064
108 53 98.0095 6.64443
108 54 98.3959 4.87558
108 55 105.198 9.39372
