102 0 104.637 9.7528
102 1 105.057 5.94208
102 2 103.44 6.72896
102 3 101.538 6.5066
102 4 102.199 4.82679
102 5 102.416 5.4882
102 10 106.704 11.2088
102 11 107.033 7.0266
102 12 103.31 7.36948
102 13 103.8 6.12171
102 14 104.282 4.82854
102 15 104.91 5.45957
102 20 108.281 10.8666
102 21 103.347 17.4579
102 22 108.657 8.7869
102 23 108.363 6.48502
102 24 107.869 6.50353
102 25 106.722 6.27055
102 26 106.545 6.15622
102 30 110.58 6.47723
102 31 107.436 11.8989
102 32 106.709 6.94733
102 33 107.589 7.02554
102 34 109.721 6.16619
102 35 107.686 6.65797
102 36 109.865 6.91583
102 40 106.968 8.01989
102 41 107.846 11.3554
102 42 105.236 6.0354
102 43 104.7 6.15622
102 44 101.435 5.94152
102 45 104.845 5.97585
102 50 105.609 5.63761
102 51 101.814 8.7901
102 52 102 5.74703
102 53 103.265 6.18544
102 54 104.206 5.00439
102 55 103.347 5.99709
103 0 97.5189 5.9249
103 1 96.6912 5.43213
103 2 97.8 5.82733
103 3 97.2921 6.87389
103 4 98.5447 7.0018
103 5 104.162 5.49382
103 10 98.2573 5.55334
103 11 95.5704 4.95041
103 12 99.0856 5.46566
103 13 99.5517 7.02149
103 14 99.4284 7.34334
103 15 104.193 5.59428
103 20 98.9433 8.3134
103 21 96.924 5.62716
103 22 98.8576 5.31802
103 23 99.2177 6.20248
103 24 97.7559 6.39471
103 25 100.613 8.59749
103 26 103.059 4.80153
103 30 98.9678 7.63818
103 31 97.7323 5.35414
103 32 99.3684 5.00104
103 33 99.2527 6.62892
103 34 98.8723 5.67665
103 35 99.526 6.25694
103 36 104.105 5.49335
103 40 100.893 4.54963
103 41 101.013 5.30046
103 42 99.7845 6.13792
103 43 96.7869 6.78546
103 44 100.032 5.5929
103 45 103.774 5.61587
103 50 98.0345 4.8354
103 51 100.181 5.25041
103 52 99.6306 6.08772
103 53 97.4268 7.00543
103 54 99.837 7.22978
103 55 102.555 5.43073
104 0 103.163 5.0859
104 1 102.443 4.9149
104 2 101.907 6.03471
104 3 104.497 6.33736
104 4 98.6245 7.0917
104 5 99.8053 7.76046
104 10 104.193 5.25525
104 11 103.208 4.82992
104 12 102.3 6.42685
104 13 103.919 6.64297
104 14 98.6331 8.69717
104 15 98.6709 8.18797
104 20 103.648 5.31504
104 21 105.071 5.53122
104 22 103.744 5.67103
104 23 101.75 6.99245
104 24 97.6868 8.3151
104 25 98.1003 8.36539
104 26 99.6981 7.83835
104 30 105.704 4.67908
104 31 103.471 5.41107
104 32 103.225 5.09146
104 33 103.973 6.83796
104 34 98.8426 8.31882
104 35 97.6991 7.65912
104 36 98.9593 8.13424
104 40 104.285 4.92743
104 41 102.231 5.67218
104 42 103.27 8.14872
104 43 99.6744 7.55324
104 44 97.9664 8.40931
104 45 99.2403 7.54842
104 50 102.342 4.97633
104 51 102.11 5.88264
104 52 103.839 6.60548
104 53 98.5461 8.16962
104 54 99.2357 8.05336
104 55 100.375 7.10046
106 0 94.5875 5.07462
106 1 94.0798 5.58347
106 2 96.2307 5.09116
106 3 93.8603 5.13666
106 4 95.4638 4.69591
106 5 96.4819 5.74589
106 10 95.434 5.22623
106 11 94.6271 4.86212
106 12 96.9326 5.28383
106 13 94.7415 5.10232
106 14 96.5629 5.15472
106 15 98.0376 6.77532
106 20 95.8731 5.18151
106 21 94.186 5.359
106 22 95.1068 4.88287
106 23 95.6928 5.38856
106 24 96.3244 5.04067
106 25 98.7864 5.23572
106 26 96.7975 5.43704
106 30 97.2597 5.11664
106 31 94.5072 5.13314
106 32 95.6906 5.24388
106 33 95.2289 5.23063
106 34 95.5077 4.79837
106 35 97.3576 5.86421
106 36 96.4339 5.67801
106 40 96.4779 4.97746
106 41 96.8231 5.12791
106 42 95.2846 4.82637
106 43 96.5065 5.43494
106 44 96.5544 5.24913
106 45 96.1325 5.10774
106 50 96.3821 5.19761
106 51 94.7216 5.14417
106 52 94.7865 5.03302
106 53 96.7175 5.64733
106 54 96.6085 5.16933
106 55 95.5289 4.95926
107 0 95.7702 5.74705
107 1 104.773 5.8016
107 2 105.874 5.83365
107 3 97.5419 5.3342
107 4 99.3936 5.10139
107 5 98.0419 6.86004
107 10 96.5796 6.58644
107 11 103.409 5.97564
107 12 106.194 6.17035
107 13 100.004 5.50477
107 14 101.179 7.06616
107 15 96.953 7.28921
107 20 97.2612 6.64199
107 21 100.874 4.93679
107 22 104.336 6.14475
107 23 106.019 5.31124
107 24 98.7936 5.88694
107 25 99.1032 5.07345
107 26 101.329 5.38841
107 30 96.9759 6.27185
107 31 105.806 4.89026
107 32 104.413 5.64756
107 33 107.983 5.55695
107 34 98.5588 5.47617
107 35 99.0231 4.45007
107 36 102.302 5.86739
107 40 97.7117 5.02056
107 41 105.228 5.48763
107 42 105.171 5.62731
107 43 106.886 4.87776
107 44 98.7816 5.48252
107 45 99.0829 5.13294
107 50 98.6432 5.18042
107 51 106.743 4.69596
107 52 104.775 5.63883
107 53 106.439 5.42303
107 54 99.6804 5.24186
107 55 97.8665 5.53013
108 0 102.941 6.06489
108 1 102.608 5.33199
108 2 103.066 5.97284
108 3 102.395 4.99289
108 4 113.544 7.23882
108 5 112.274 5.67274
108 10 104.918 5.22801
108 11 104.088 5.92009
108 12 105.805 5.74976
108 13 104.108 5.13499
108 14 114.128 7.28114
108 15 113.138 5.68158
108 20 108.326 6.73077
108 21 106.058 6.45884
108 22 107.336 6.4757
108 23 107.436 5.97201
108 24 108.584 5.12572
108 25 114.915 7.0342
108 26 116.225 6.58027
108 30 106.35 7.43873
108 31 108.038 6.66489
108 32 108.469 5.508
108 33 106.602 7.28262
108 34 106.709 6.19284
108 35 116.529 5.92719
108 36 117.618 8.02769
108 40 105.267 9.07975
108 41 100.43 4.32912
108 42 105.169 5.27687
108 43 105.409 5.04667
108 44 105.448 4.80008
108 45 112.72 8.12423
108 50 103.746 6.85776
108 51 102.419 5.95566
108 52 102.926 6.38226
108 53 101.895 5.96436
108 54 102.145 6.84537
108 55 111.791 7.39212
