138 5 0.0
0.0004274
0.0119039
0.0463994
0.0991525
0.16856
0.254254
0.348336
0.446291
0.529181
0.603834
0.680991
0.751506
0.815629
0.863632
0.901161
0.935755
0.961192
0.984289
0.994003
1
0.998688
0.992459
0.98767
0.977962
0.966485
0.947555
0.927593
0.910096
0.893032
0.872896
0.847369
0.821213
0.798041
0.778322
0.755452
0.72914
0.698862
0.673258
0.6534
0.627801
0.603358
0.575286
0.552059
0.534144
0.514711
0.492971
0.472299
0.449755
0.433513
0.418149
0.39764
0.380569
0.358044
0.341504
0.327718
0.311866
0.299821
0.283542
0.272593
0.26066
0.25078
0.241278
0.228324
0.22068
0.207989
0.199021
0.188736
0.177675
0.168472
0.156417
0.151726
0.144409
0.138975
0.131241
0.12346
0.122085
0.115909
0.114651
0.106957
0.0997243
0.0978978
0.0893331
0.0863939
0.0780929
0.0721819
0.0711103
0.0672094
0.0667713
0.0619606
0.0593827
0.0595848
0.0544368
0.055915
0.0508555
0.0493222
0.0463958
0.0396648
0.0409607
0.0350787
0.0368753
0.0341777
0.0298628
0.0355078
0.0305991
0.0334226
0.0340558
0.0274294
0.0321696
0.0241056
0.0233315
0.0217851
0.0126809
0.0160089
0.00891843
0.0121363
0.0139083
0.00879491
0.0144747
0.0117234
0.0189468
0.0186839
0.0134293
0.0149644
0.0101656
0.012538
0.00804685
0.0022184
0.00167403
-1.39333e-05
0.00173208
0.00062827
0.00222562
0.00193514
-0.019901
0
0
0
0
